--- Page 1 ---
令和５年司法試験法科大学院等別合格者数等
短答式試験の合格に
出願者数 受験予定者数 受験者数 最終合格者数
必要な成績を得た者の数
修了者 在学中 修了者 在学中 修了者 在学中 修了者 在学中 修了者 在学中
愛知大法科大学院 6 6 0 6 6 0 6 6 0 5 5 0 2 2 0
青山学院大法科大学院 11 11 0 11 11 0 10 10 0 4 4 0 0 0 0
大阪公立大法科大学院 33 25 8 33 25 8 31 23 8 22 16 6 6 2 4
大阪大法科大学院 189 135 54 189 135 54 182 129 53 149 102 47 78 51 27
岡山大法科大学院 33 23 10 33 23 10 33 23 10 27 18 9 12 5 7
学習院大法科大学院 46 38 8 46 38 8 43 37 6 29 24 5 8 6 2
神奈川大法科大学院 1 1 0 1 1 0 1 1 0 0 0 0 0 0 0
金沢大法科大学院 15 14 1 15 14 1 13 13 0 8 8 0 3 3 0
関西大法科大学院 60 54 6 60 54 6 55 50 5 37 32 5 7 5 2
関西学院大法科大学院 37 37 0 37 37 0 31 31 0 21 21 0 5 5 0
関東学院大法科大学院 0 0 0 0 0 0 0 0 0 0 0 0 0 0 0
九州大法科大学院 102 78 24 102 78 24 94 71 23 68 49 19 22 14 8
京都産業大法科大学院 1 1 0 1 1 0 1 1 0 1 1 0 0 0 0
京都大法科大学院 287 164 123 287 164 123 275 157 118 245 136 109 188 94 94
近畿大法科大学院 7 7 0 7 7 0 7 7 0 5 5 0 1 1 0
熊本大法科大学院 3 3 0 3 3 0 3 3 0 2 2 0 0 0 0
慶應義塾大法科大学院 321 188 133 321 188 133 310 177 133 275 155 120 186 95 91
甲南大法科大学院 27 26 1 27 26 1 22 21 1 14 13 1 0 0 0
神戸大法科大学院 159 110 49 159 110 49 146 98 48 111 72 39 71 44 27
駒澤大法科大学院 28 25 3 28 25 3 27 24 3 15 14 1 2 2 0
静岡大法科大学院 2 2 0 2 2 0 1 1 0 0 0 0 0 0 0
島根大法科大学院 1 1 0 1 1 0 1 1 0 0 0 0 0 0 0
上智大法科大学院 51 41 10 51 41 10 48 38 10 34 26 8 11 6 5
成蹊大法科大学院 4 4 0 4 4 0 3 3 0 2 2 0 1 1 0
西南学院大法科大学院 7 7 0 7 7 0 6 6 0 3 3 0 1 1 0
専修大法科大学院 40 33 7 40 33 7 35 28 7 32 25 7 10 8 2
創価大法科大学院 40 29 11 40 29 11 37 26 11 25 17 8 12 7 5
大東文化大法科大学院 5 5 0 5 5 0 5 5 0 1 1 0 0 0 0
千葉大法科大学院 69 64 5 69 64 5 63 59 4 40 37 3 13 12 1
中央大法科大学院 240 163 77 240 163 77 229 153 76 170 106 64 90 43 47
中京大法科大学院 2 2 0 2 2 0 2 2 0 1 1 0 0 0 0
筑波大法科大学院 55 45 10 55 45 10 51 42 9 38 30 8 17 12 5
桐蔭横浜大法科大学院 15 15 0 15 15 0 13 13 0 5 5 0 2 2 0
東京大法科大学院 340 202 138 340 202 138 315 182 133 274 154 120 186 92 94
東京都立大法科大学院 81 61 20 81 61 20 75 57 18 53 41 12 11 8 3
同志社大法科大学院 95 72 23 95 72 23 87 66 21 69 50 19 29 19 10
東北大法科大学院 85 61 24 85 61 24 82 59 23 61 40 21 25 15 10
名古屋大法科大学院 98 65 33 98 65 33 89 58 31 71 44 27 42 22 20
南山大法科大学院 19 18 1 19 18 1 19 18 1 15 14 1 3 2 1
日本大法科大学院 100 74 26 100 74 26 86 65 21 61 44 17 12 7 5
一橋大法科大学院 188 111 77 188 111 77 180 108 72 160 95 65 121 61 60
広島大法科大学院 25 19 6 25 19 6 22 17 5 16 14 2 5 5 0
福岡大法科大学院 23 21 2 23 21 2 21 19 2 16 14 2 2 1 1
法政大法科大学院 64 56 8 64 56 8 60 53 7 45 39 6 15 14 1
北海学園大法科大学院 3 3 0 3 3 0 3 3 0 2 2 0 0 0 0
北海道大法科大学院 79 50 29 79 50 29 74 47 27 53 31 22 28 13 15
明治大法科大学院 116 97 19 116 97 19 106 87 19 78 62 16 29 24 5
名城大法科大学院 6 6 0 6 6 0 6 6 0 1 1 0 0 0 0
横浜国立大法科大学院 19 19 0 19 19 0 18 18 0 11 11 0 0 0 0
立教大法科大学院 16 16 0 16 16 0 15 15 0 6 6 0 1 1 0
立命館大法科大学院 114 98 16 114 98 16 110 95 15 66 59 7 20 20 0
琉球大法科大学院 38 34 4 38 34 4 34 30 4 24 21 3 3 2 1
早稲田大法科大学院 401 253 148 401 253 148 389 243 146 326 192 134 174 90 84
法科大学院合計 3,807 2,693 1,114 3,807 2,693 1,114 3,575 2,505 1,070 2,797 1,864 933 1,454 817 637
予備試験合格者 358 358 353 352 327
総 計 4,165 4,165 3,928 3,149 1,781
（注） 受験者数には、途中欠席者を含む。

--- Page 2 ---
令和５年司法試験法科大学院別人員調（既修・未修別）
法科大学院課程修了資格 在学中受験資格
法科大学院名 受験者数 合格者数 受験者数 合格者数
既修 未修 既修 未修 既修 未修 既修 未修
愛知大法科大学院 6 0 6 2 0 2 0 0 0 0 0 0
青山学院大法科大学院 10 4 6 0 0 0 0 0 0 0 0 0
大阪公立大法科大学院 23 7 16 2 1 1 8 4 4 4 3 1
大阪大法科大学院 129 83 46 51 43 8 53 47 6 27 25 2
岡山大法科大学院 23 7 16 5 3 2 10 7 3 7 5 2
学習院大法科大学院 37 28 9 6 5 1 6 6 0 2 2 0
神奈川大法科大学院 1 0 1 0 0 0 0 0 0 0 0 0
金沢大法科大学院 13 6 7 3 2 1 0 0 0 0 0 0
関西大法科大学院 50 33 17 5 4 1 5 3 2 2 1 1
関西学院大法科大学院 31 13 18 5 2 3 0 0 0 0 0 0
関東学院大法科大学院 0 0 0 0 0 0 0 0 0 0 0 0
九州大法科大学院 71 45 26 14 14 0 23 17 6 8 6 2
京都産業大法科大学院 1 0 1 0 0 0 0 0 0 0 0 0
京都大法科大学院 157 110 47 94 81 13 118 104 14 94 86 8
近畿大法科大学院 7 0 7 1 0 1 0 0 0 0 0 0
熊本大法科大学院 3 0 3 0 0 0 0 0 0 0 0 0
慶應義塾大法科大学院 177 137 40 95 82 13 133 119 14 91 86 5
甲南大法科大学院 21 9 12 0 0 0 1 0 1 0 0 0
神戸大法科大学院 98 80 18 44 42 2 48 42 6 27 26 1
駒澤大法科大学院 24 10 14 2 1 1 3 0 3 0 0 0
静岡大法科大学院 1 0 1 0 0 0 0 0 0 0 0 0
島根大法科大学院 1 0 1 0 0 0 0 0 0 0 0 0
上智大法科大学院 38 25 13 6 5 1 10 8 2 5 4 1
成蹊大法科大学院 3 0 3 1 0 1 0 0 0 0 0 0
西南学院大法科大学院 6 0 6 1 0 1 0 0 0 0 0 0
専修大法科大学院 28 8 20 8 3 5 7 5 2 2 2 0
創価大法科大学院 26 11 15 7 6 1 11 7 4 5 4 1
大東文化大法科大学院 5 0 5 0 0 0 0 0 0 0 0 0
千葉大法科大学院 59 37 22 12 12 0 4 3 1 1 1 0
中央大法科大学院 153 116 37 43 37 6 76 71 5 47 44 3
中京大法科大学院 2 0 2 0 0 0 0 0 0 0 0 0
筑波大法科大学院 42 14 28 12 9 3 9 4 5 5 4 1
桐蔭横浜大法科大学院 13 0 13 2 0 2 0 0 0 0 0 0
東京大法科大学院 182 99 83 92 69 23 133 108 25 94 83 11
東京都立大法科大学院 57 51 6 8 6 2 18 18 0 3 3 0
同志社大法科大学院 66 55 11 19 17 2 21 19 2 10 10 0
東北大法科大学院 59 42 17 15 11 4 23 22 1 10 10 0
名古屋大法科大学院 58 28 30 22 14 8 31 27 4 20 19 1
南山大法科大学院 18 9 9 2 0 2 1 1 0 1 1 0
日本大法科大学院 65 44 21 7 5 2 21 18 3 5 4 1
一橋大法科大学院 108 87 21 61 56 5 72 60 12 60 54 6
広島大法科大学院 17 11 6 5 4 1 5 2 3 0 0 0
福岡大法科大学院 19 1 18 1 0 1 2 0 2 1 0 1
法政大法科大学院 53 34 19 14 6 8 7 6 1 1 1 0
北海学園大法科大学院 3 1 2 0 0 0 0 0 0 0 0 0
北海道大法科大学院 47 22 25 13 11 2 27 20 7 15 12 3
明治大法科大学院 87 62 25 24 21 3 19 19 0 5 5 0
名城大法科大学院 6 0 6 0 0 0 0 0 0 0 0 0
横浜国立大法科大学院 18 2 16 0 0 0 0 0 0 0 0 0
立教大法科大学院 15 6 9 1 1 0 0 0 0 0 0 0
立命館大法科大学院 95 79 16 20 20 0 15 12 3 0 0 0
琉球大法科大学院 30 5 25 2 0 2 4 3 1 1 1 0
早稲田大法科大学院 243 177 66 90 77 13 146 131 15 84 76 8
総 計 2,505 1,598 907 817 670 147 1,070 913 157 637 578 59
（注） 受験者数には、途中欠席者を含む。

--- Page 3 ---
令和５年司法試験法科大学院別人員調（修了年度・既修・未修別）2-1
受験者数
法科大学院名 平成30年度 令和元年度 令和２年度 令和３年度 令和４年度
計
既修 未修 既修 未修 既修 未修 既修 未修 既修 未修
愛知大法科大学院 6 0 1 0 0 0 0 0 1 0 4
青山学院大法科大学院 10 3 2 1 4 0 0 0 0 0 0
大阪公立大法科大学院 23 2 3 0 1 1 3 2 4 2 5
大阪大法科大学院 129 2 10 5 3 12 4 13 8 51 21
岡山大法科大学院 23 2 3 1 1 0 1 0 5 4 6
学習院大法科大学院 37 7 1 3 2 7 0 5 5 6 1
神奈川大法科大学院 1 0 1 0 0 0 0 0 0 0 0
金沢大法科大学院 13 1 0 0 1 0 1 1 3 4 2
関西大法科大学院 50 1 0 4 2 11 2 7 4 10 9
関西学院大法科大学院 31 1 2 2 2 3 3 4 1 3 10
関東学院大法科大学院 0 0 0 0 0 0 0 0 0 0 0
九州大法科大学院 71 2 2 3 3 11 9 7 3 22 9
京都産業大法科大学院 1 0 1 0 0 0 0 0 0 0 0
京都大法科大学院 157 2 6 5 6 5 6 7 12 91 17
近畿大法科大学院 7 0 2 0 1 0 4 0 0 0 0
熊本大法科大学院 3 0 3 0 0 0 0 0 0 0 0
慶應義塾大法科大学院 177 4 2 8 3 13 7 18 10 94 18
甲南大法科大学院 21 3 2 0 1 4 2 1 4 1 3
神戸大法科大学院 98 5 3 6 0 5 4 19 6 45 5
駒澤大法科大学院 24 1 1 3 3 1 5 2 4 3 1
静岡大法科大学院 1 0 1 0 0 0 0 0 0 0 0
島根大法科大学院 1 0 1 0 0 0 0 0 0 0 0
上智大法科大学院 38 2 1 5 2 5 3 9 4 4 3
成蹊大法科大学院 3 0 1 0 1 0 1 0 0 0 0
西南学院大法科大学院 6 0 2 0 1 0 2 0 1 0 0
専修大法科大学院 28 2 4 1 2 0 3 0 3 5 8
創価大法科大学院 26 1 5 0 0 1 4 3 2 6 4
大東文化大法科大学院 5 0 3 0 2 0 0 0 0 0 0
千葉大法科大学院 59 4 3 5 1 8 4 6 6 14 8
中央大法科大学院 153 10 14 9 7 23 5 32 4 42 7
中京大法科大学院 2 0 2 0 0 0 0 0 0 0 0
筑波大法科大学院 42 0 0 0 5 2 4 6 9 6 10
桐蔭横浜大法科大学院 13 0 5 0 4 0 4 0 0 0 0
東京大法科大学院 182 4 6 2 7 6 16 16 19 71 35
東京都立大法科大学院 57 4 1 8 0 11 3 20 2 8 0
同志社大法科大学院 66 11 3 7 2 6 2 8 0 23 4
東北大法科大学院 59 1 0 2 0 4 3 6 5 29 9
名古屋大法科大学院 58 0 2 1 3 3 7 8 10 16 8
南山大法科大学院 18 0 2 2 0 0 2 3 3 4 2
日本大法科大学院 65 5 7 6 3 7 1 11 4 15 6
一橋大法科大学院 108 1 4 2 4 10 2 7 7 67 4
広島大法科大学院 17 0 2 2 1 1 0 3 0 5 3
福岡大法科大学院 19 0 1 0 2 1 6 0 2 0 7
法政大法科大学院 53 7 3 3 2 7 6 6 5 11 3
北海学園大法科大学院 3 0 0 0 1 0 1 1 0 0 0
北海道大法科大学院 47 3 5 2 3 0 4 6 6 11 7
明治大法科大学院 87 6 2 6 6 9 2 14 5 27 10
名城大法科大学院 6 0 3 0 3 0 0 0 0 0 0
横浜国立大法科大学院 18 0 3 2 6 0 3 0 3 0 1
立教大法科大学院 15 4 1 2 5 0 3 0 0 0 0
立命館大法科大学院 95 2 6 4 3 11 2 17 4 45 1
琉球大法科大学院 30 0 4 1 7 2 3 0 7 2 4
早稲田大法科大学院 243 7 6 8 9 16 10 43 16 103 25
総 計 2,505 110 148 121 125 206 157 311 197 850 280
（注） 受験者数には、途中欠席者を含む。

--- Page 4 ---
令和５年司法試験法科大学院別人員調（修了年度・既修・未修別）2-2
合格者数
法科大学院名 平成30年度 令和元年度 令和２年度 令和３年度 令和４年度
計
既修 未修 既修 未修 既修 未修 既修 未修 既修 未修
愛知大法科大学院 2 0 0 0 0 0 0 0 0 0 2
青山学院大法科大学院 0 0 0 0 0 0 0 0 0 0 0
大阪公立大法科大学院 2 0 0 0 0 0 0 0 0 1 1
大阪大法科大学院 51 0 0 1 0 0 0 3 1 39 7
岡山大法科大学院 5 0 0 1 0 0 0 0 0 2 2
学習院大法科大学院 6 0 0 0 0 1 0 1 1 3 0
神奈川大法科大学院 0 0 0 0 0 0 0 0 0 0 0
金沢大法科大学院 3 0 0 0 0 0 0 0 0 2 1
関西大法科大学院 5 0 0 1 0 0 0 0 0 3 1
関西学院大法科大学院 5 1 0 0 0 0 1 0 0 1 2
関東学院大法科大学院 0 0 0 0 0 0 0 0 0 0 0
九州大法科大学院 14 0 0 0 0 0 0 1 0 13 0
京都産業大法科大学院 0 0 0 0 0 0 0 0 0 0 0
京都大法科大学院 94 0 0 0 1 4 0 5 2 72 10
近畿大法科大学院 1 0 1 0 0 0 0 0 0 0 0
熊本大法科大学院 0 0 0 0 0 0 0 0 0 0 0
慶應義塾大法科大学院 95 2 0 1 0 2 2 8 3 69 8
甲南大法科大学院 0 0 0 0 0 0 0 0 0 0 0
神戸大法科大学院 44 0 0 3 0 1 0 9 0 29 2
駒澤大法科大学院 2 0 0 0 0 0 1 1 0 0 0
静岡大法科大学院 0 0 0 0 0 0 0 0 0 0 0
島根大法科大学院 0 0 0 0 0 0 0 0 0 0 0
上智大法科大学院 6 1 0 0 1 0 0 2 0 2 0
成蹊大法科大学院 1 0 1 0 0 0 0 0 0 0 0
西南学院大法科大学院 1 0 1 0 0 0 0 0 0 0 0
専修大法科大学院 8 0 0 0 0 0 0 0 0 3 5
創価大法科大学院 7 0 0 0 0 0 1 1 0 5 0
大東文化大法科大学院 0 0 0 0 0 0 0 0 0 0 0
千葉大法科大学院 12 1 0 0 0 1 0 1 0 9 0
中央大法科大学院 43 0 0 0 1 4 1 9 1 24 3
中京大法科大学院 0 0 0 0 0 0 0 0 0 0 0
筑波大法科大学院 12 0 0 0 1 1 0 3 0 5 2
桐蔭横浜大法科大学院 2 0 1 0 1 0 0 0 0 0 0
東京大法科大学院 92 0 1 1 1 1 1 4 8 63 12
東京都立大法科大学院 8 0 0 1 0 0 1 3 1 2 0
同志社大法科大学院 19 1 0 0 0 1 0 2 0 13 2
東北大法科大学院 15 0 0 0 0 0 0 2 2 9 2
名古屋大法科大学院 22 0 0 1 0 0 1 2 1 11 6
南山大法科大学院 2 0 1 0 0 0 1 0 0 0 0
日本大法科大学院 7 0 1 1 0 0 0 1 1 3 0
一橋大法科大学院 61 0 1 1 1 1 0 4 2 50 1
広島大法科大学院 5 0 0 0 0 0 0 0 0 4 1
福岡大法科大学院 1 0 0 0 0 0 1 0 0 0 0
法政大法科大学院 14 0 1 1 0 1 2 2 2 2 3
北海学園大法科大学院 0 0 0 0 0 0 0 0 0 0 0
北海道大法科大学院 13 0 0 0 0 0 0 3 0 8 2
明治大法科大学院 24 1 0 3 0 2 0 3 1 12 2
名城大法科大学院 0 0 0 0 0 0 0 0 0 0 0
横浜国立大法科大学院 0 0 0 0 0 0 0 0 0 0 0
立教大法科大学院 1 0 0 1 0 0 0 0 0 0 0
立命館大法科大学院 20 0 0 0 0 0 0 3 0 17 0
琉球大法科大学院 2 0 0 0 1 0 0 0 0 0 1
早稲田大法科大学院 90 0 0 4 1 3 0 12 2 58 10
総 計 817 7 9 21 9 23 13 85 28 534 88

--- Page 5 ---
令和５年司法試験受験状況（予備試験合格者）
※ 司法試験予備試験合格の資格に基づく受験者の参考情報である。
性別 出願者 受験者 短答合格者 最終合格者
男 309 304 303 281
女 49 49 49 46
合計 358 353 352 327
年齢別 出願者 受験者 短答合格者 最終合格者
１９歳以下 1 1 1 1
２０～２４歳 157 159 158 155
２５～２９歳 71 70 70 70
３０～３４歳 33 32 32 31
３５～３９歳 33 30 30 25
４０～４４歳 29 29 29 27
４５～４９歳 9 9 9 7
５０～５４歳 12 10 10 5
５５～５９歳 8 8 8 4
６０～６４歳 3 3 3 1
６５～６９歳 2 2 2 1
合計 358 353 352 327
令和５年１２月３１日現在
職種別 出願者 受験者 短答合格者 最終合格者
公務員 29 26 26 23
教職員 2 2 2 2
会社員 44 43 43 41
法律事務所事務員 9 9 9 5
塾教師 4 3 3 3
自営業 11 11 11 6
法科大学院生 78 79 79 78
大学生 37 37 37 36
無職 133 132 131 124
大学院生 2 2 2 2
その他 9 9 9 7
合計 358 353 352 327
※ 本データは出願者の自己申告によるもの
出願時現在
最終学歴別 出願者 受験者 短答合格者 最終合格者
高校在学中 0 0 0 0
高校卒 0 0 0 0
大学卒業 151 147 146 135
大学在学中 38 38 38 37
大学中退 3 3 3 1
法科大学院修了 51 49 49 41
法科大学院在学中 79 80 80 79
法科大学院中退 16 16 16 16
法科大学院以外の大学院修了 14 14 14 12
法科大学院以外の大学院在学中 1 1 1 1
法科大学院以外の大学院中退 3 3 3 3
その他 2 2 2 2
合計 358 353 352 327
※ 本データは出願者の自己申告によるもの
出願時現在