--- Page 1 ---
令和５年司法試験の採点結果
法務省大臣官房人事課
１ 合格者数等
(1) 合格者数 1,781人
※ 論文式試験の各科目において、素点の２５％点（公法系科目・刑事系科目は５０点、民
事系科目は７５点、選択科目は２５点）以上の成績を得た者のうち、短答式試験の得点と
論文式試験の得点による総合評価の総合点７７０点以上の者（令和５年１１月７日司法試
験委員会決定）
（参考）
令和５年 令和４年
出願者数 4,165人 3,367人
受験予定者数 4,165人 3,339人
受験者数 3,928人 3,082人
短答式試験の合格に必要な成績を得た者の数 3,149人 2,494人
合格者数 1,781人 1,403人
(2) 合格者に関する情報
ア 選択科目別人員・割合
令和５年 令和４年
倒産法 292人 (16.40%) 207人 (14.75%)
租税法 80人 (4.49%) 78人 (5.56%)
経済法 371人 (20.83%) 276人 (19.67%)
知的財産法 277人 (15.55%) 219人 (15.61%)
労働法 538人 (30.21%) 435人 (31.00%)
環境法 41人 (2.30%) 41人 (2.92%)
国際関係法（公法系） 18人 (1.01%) 18人 (1.28%)
国際関係法（私法系） 164人 (9.21%) 129人 (9.19%)
イ 年齢別構成（令和５年１２月末現在）
令和５年 令和４年
平均年齢 26.6歳 28.3歳
最高年齢 66歳 68歳
最低年齢 19歳 18歳
ウ 性別構成
令和５年 令和４年
男性 1,257人 (70.58%) 1,014人 (72.27%)
女性 524人 (29.42%) 389人 (27.73%)
エ 司法試験受験回数
令和５年 令和４年
１回目 1,584人 1,046人
２回目 123人 180人
３回目 35人 88人
４回目 24人 47人
５回目 15人 42人
※ 令和５年司法試験の受験資格による受験回数

--- Page 2 ---
オ 受験資格
令和５年 令和４年
法科大学院課程修了者 817人 1,008人
既修者法学部 631人 732人
既修者非法学部 39人 58人
未修者法学部 99人 146人
未修者非法学部 48人 72人
※ 受験願書に基づく情報
令和５年
在学中受験資格者 637人
既修者法学部 548人
既修者非法学部 30人
未修者法学部 34人
未修者非法学部 25人
※ 受験願書に基づく情報
令和５年 令和４年
予備試験合格者 327人 395人
２ 得点の状況
(1) 総合点
令和５年 令和４年
最高点 1220.80点 1287.56点
最低点 440.56点 464.97点
平均点 813.28点 802.22点
(2) 論文式試験得点
令和５年 令和４年
最高点 611.31点 639.17点
最低点 189.46点 207.41点
平均点 392.01点 (379.93点) 387.16点 (371.98点)
※ 総合評価対象者の得点（括弧内の点数は、最低ライン点未満の者を含んだ点数である。）
(3) 最低ライン点未満者
令和５年 令和４年
最低ライン点未満実人員 219人 245人
公法系科目 53人 112人
民事系科目 129人 104人
刑事系科目 26人 62人
選択科目 118人 87人
倒産法 20人 9人
租税法 3人 4人
経済法 21人 17人
知的財産法 29人 25人
労働法 34人 24人
環境法 0人 0人
国際関係法（公法系） 4人 2人
国際関係法（私法系） 7人 6人
※ 最低ライン点未満の者の合計は326人となるが、35人が2科目、18人が3科目及び12人が4科目において最低
ライン未満点となっていることから、最低ライン点未満実人員は219人となる。

--- Page 3 ---
３ 参考資料
・令和５年司法試験総合点別人員調（総合評価）
・令和５年司法試験論文式試験得点別人員調（合計得点）
・令和５年司法試験論文式試験得点別人員調（公法系科目）
・令和５年司法試験論文式試験得点別人員調（民事系科目）
・令和５年司法試験論文式試験得点別人員調（刑事系科目）
・令和５年司法試験論文式試験得点別人員調（選択科目）

--- Page 4 ---
令和５年司法試験総合点別人員調（総合評価）
総合点 人員(人) 人員累計(人)累計割合(％) 総合点 人員(人) 人員累計(人)累計割合(％) 総合点 人員(人) 人員累計(人)累計割合(％)
1220 1 1 0.03 1149 0 13 0.44 1078 2 72 2.46
1219 0 1 0.03 1148 0 13 0.44 1077 0 72 2.46
1218 0 1 0.03 1147 0 13 0.44 1076 2 74 2.53
1217 0 1 0.03 1146 0 13 0.44 1075 0 74 2.53
1216 0 1 0.03 1145 1 14 0.48 1074 0 74 2.53
1215 0 1 0.03 1144 3 17 0.58 1073 2 76 2.59
1214 0 1 0.03 1143 0 17 0.58 1072 2 78 2.66
1213 0 1 0.03 1142 0 17 0.58 1071 0 78 2.66
1212 1 2 0.07 1141 0 17 0.58 1070 3 81 2.76
1211 0 2 0.07 1140 0 17 0.58 1069 0 81 2.76
1210 0 2 0.07 1139 1 18 0.61 1068 2 83 2.83
1209 0 2 0.07 1138 2 20 0.68 1067 3 86 2.94
1208 0 2 0.07 1137 1 21 0.72 1066 1 87 2.97
1207 0 2 0.07 1136 0 21 0.72 1065 3 90 3.07
1206 0 2 0.07 1135 0 21 0.72 1064 1 91 3.11
1205 0 2 0.07 1134 0 21 0.72 1063 2 93 3.17
1204 1 3 0.10 1133 0 21 0.72 1062 1 94 3.21
1203 0 3 0.10 1132 0 21 0.72 1061 0 94 3.21
1202 0 3 0.10 1131 1 22 0.75 1060 0 94 3.21
1201 0 3 0.10 1130 0 22 0.75 1059 2 96 3.28
1200 1 4 0.14 1129 0 22 0.75 1058 1 97 3.31
1199 1 5 0.17 1128 0 22 0.75 1057 0 97 3.31
1198 0 5 0.17 1127 0 22 0.75 1056 5 102 3.48
1197 1 6 0.20 1126 1 23 0.78 1055 0 102 3.48
1196 0 6 0.20 1125 1 24 0.82 1054 1 103 3.52
1195 0 6 0.20 1124 1 25 0.85 1053 2 105 3.58
1194 0 6 0.20 1123 0 25 0.85 1052 5 110 3.75
1193 0 6 0.20 1122 2 27 0.92 1051 0 110 3.75
1192 0 6 0.20 1121 0 27 0.92 1050 0 110 3.75
1191 0 6 0.20 1120 0 27 0.92 1049 0 110 3.75
1190 0 6 0.20 1119 0 27 0.92 1048 3 113 3.86
1189 0 6 0.20 1118 2 29 0.99 1047 2 115 3.92
1188 0 6 0.20 1117 1 30 1.02 1046 1 116 3.96
1187 0 6 0.20 1116 1 31 1.06 1045 3 119 4.06
1186 0 6 0.20 1115 2 33 1.13 1044 0 119 4.06
1185 0 6 0.20 1114 1 34 1.16 1043 5 124 4.23
1184 0 6 0.20 1113 0 34 1.16 1042 4 128 4.37
1183 0 6 0.20 1112 0 34 1.16 1041 2 130 4.44
1182 0 6 0.20 1111 1 35 1.19 1040 2 132 4.51
1181 0 6 0.20 1110 0 35 1.19 1039 2 134 4.57
1180 1 7 0.24 1109 1 36 1.23 1038 5 139 4.74
1179 0 7 0.24 1108 0 36 1.23 1037 4 143 4.88
1178 0 7 0.24 1107 1 37 1.26 1036 2 145 4.95
1177 0 7 0.24 1106 1 38 1.30 1035 3 148 5.05
1176 0 7 0.24 1105 0 38 1.30 1034 3 151 5.15
1175 0 7 0.24 1104 1 39 1.33 1033 3 154 5.26
1174 0 7 0.24 1103 0 39 1.33 1032 4 158 5.39
1173 0 7 0.24 1102 0 39 1.33 1031 1 159 5.43
1172 0 7 0.24 1101 3 42 1.43 1030 6 165 5.63
1171 1 8 0.27 1100 0 42 1.43 1029 1 166 5.67
1170 0 8 0.27 1099 2 44 1.50 1028 6 172 5.87
1169 0 8 0.27 1098 0 44 1.50 1027 3 175 5.97
1168 0 8 0.27 1097 0 44 1.50 1026 3 178 6.08
1167 0 8 0.27 1096 2 46 1.57 1025 3 181 6.18
1166 0 8 0.27 1095 1 47 1.60 1024 4 185 6.31
1165 0 8 0.27 1094 1 48 1.64 1023 4 189 6.45
1164 0 8 0.27 1093 2 50 1.71 1022 1 190 6.48
1163 0 8 0.27 1092 3 53 1.81 1021 2 192 6.55
1162 1 9 0.31 1091 1 54 1.84 1020 4 196 6.69
1161 1 10 0.34 1090 4 58 1.98 1019 3 199 6.79
1160 0 10 0.34 1089 1 59 2.01 1018 5 204 6.96
1159 1 11 0.38 1088 1 60 2.05 1017 6 210 7.17
1158 0 11 0.38 1087 0 60 2.05 1016 3 213 7.27
1157 0 11 0.38 1086 2 62 2.12 1015 5 218 7.44
1156 0 11 0.38 1085 0 62 2.12 1014 4 222 7.58
1155 1 12 0.41 1084 2 64 2.18 1013 4 226 7.71
1154 0 12 0.41 1083 2 66 2.25 1012 6 232 7.92
1153 0 12 0.41 1082 1 67 2.29 1011 3 235 8.02
1152 0 12 0.41 1081 2 69 2.35 1010 3 238 8.12
1151 1 13 0.44 1080 1 70 2.39 1009 1 239 8.16
1150 0 13 0.44 1079 0 70 2.39 1008 3 242 8.26
（注） 累計割合(％)は、総合評価対象者に対する人員累計（人）の割合である。

--- Page 5 ---
総合点 人員(人) 人員累計(人)累計割合(％) 総合点 人員(人) 人員累計(人)累計割合(％) 総合点 人員(人) 人員累計(人)累計割合(％)
1007 4 246 8.40 936 3 613 20.92 865 5 1077 36.76
1006 3 249 8.50 935 7 620 21.16 864 9 1086 37.06
1005 6 255 8.70 934 11 631 21.54 863 4 1090 37.20
1004 4 259 8.84 933 7 638 21.77 862 11 1101 37.58
1003 6 265 9.04 932 4 642 21.91 861 4 1105 37.71
1002 4 269 9.18 931 10 652 22.25 860 6 1111 37.92
1001 8 277 9.45 930 4 656 22.39 859 2 1113 37.99
1000 5 282 9.62 929 9 665 22.70 858 5 1118 38.16
999 2 284 9.69 928 7 672 22.94 857 10 1128 38.50
998 4 288 9.83 927 7 679 23.17 856 11 1139 38.87
997 2 290 9.90 926 7 686 23.41 855 7 1146 39.11
996 4 294 10.03 925 12 698 23.82 854 7 1153 39.35
995 4 298 10.17 924 6 704 24.03 853 4 1157 39.49
994 4 302 10.31 923 8 712 24.30 852 8 1165 39.76
993 4 306 10.44 922 6 718 24.51 851 5 1170 39.93
992 6 312 10.65 921 4 722 24.64 850 7 1177 40.17
991 9 321 10.96 920 11 733 25.02 849 8 1185 40.44
990 1 322 10.99 919 5 738 25.19 848 6 1191 40.65
989 6 328 11.19 918 4 742 25.32 847 8 1199 40.92
988 7 335 11.43 917 7 749 25.56 846 6 1205 41.13
987 3 338 11.54 916 3 752 25.67 845 2 1207 41.19
986 6 344 11.74 915 5 757 25.84 844 9 1216 41.50
985 3 347 11.84 914 7 764 26.08 843 8 1224 41.77
984 1 348 11.88 913 7 771 26.31 842 10 1234 42.12
983 5 353 12.05 912 6 777 26.52 841 7 1241 42.35
982 2 355 12.12 911 5 782 26.69 840 7 1248 42.59
981 6 361 12.32 910 8 790 26.96 839 7 1255 42.83
980 5 366 12.49 909 4 794 27.10 838 12 1267 43.24
979 5 371 12.66 908 6 800 27.30 837 9 1276 43.55
978 2 373 12.73 907 5 805 27.47 836 15 1291 44.06
977 3 376 12.83 906 5 810 27.65 835 10 1301 44.40
976 6 382 13.04 905 4 814 27.78 834 4 1305 44.54
975 6 388 13.24 904 7 821 28.02 833 6 1311 44.74
974 4 392 13.38 903 7 828 28.26 832 1 1312 44.78
973 4 396 13.52 902 2 830 28.33 831 0 1312 44.78
972 8 404 13.79 901 8 838 28.60 830 10 1322 45.12
971 5 409 13.96 900 5 843 28.77 829 5 1327 45.29
970 8 417 14.23 899 7 850 29.01 828 8 1335 45.56
969 7 424 14.47 898 3 853 29.11 827 7 1342 45.80
968 8 432 14.74 897 5 858 29.28 826 10 1352 46.14
967 4 436 14.88 896 5 863 29.45 825 4 1356 46.28
966 7 443 15.12 895 10 873 29.80 824 9 1365 46.59
965 11 454 15.49 894 5 878 29.97 823 6 1371 46.79
964 4 458 15.63 893 4 882 30.10 822 9 1380 47.10
963 5 463 15.80 892 3 885 30.20 821 5 1385 47.27
962 3 466 15.90 891 9 894 30.51 820 11 1396 47.65
961 6 472 16.11 890 8 902 30.78 819 6 1402 47.85
960 5 477 16.28 889 6 908 30.99 818 9 1411 48.16
959 3 480 16.38 888 11 919 31.37 817 6 1417 48.36
958 8 488 16.66 887 7 926 31.60 816 4 1421 48.50
957 10 498 17.00 886 8 934 31.88 815 7 1428 48.74
956 3 501 17.10 885 6 940 32.08 814 10 1438 49.08
955 7 508 17.34 884 7 947 32.32 813 5 1443 49.25
954 3 511 17.44 883 3 950 32.42 812 4 1447 49.39
953 5 516 17.61 882 10 960 32.76 811 10 1457 49.73
952 6 522 17.82 881 10 970 33.11 810 5 1462 49.90
951 4 526 17.95 880 4 974 33.24 809 9 1471 50.20
950 7 533 18.19 879 7 981 33.48 808 5 1476 50.38
949 4 537 18.33 878 12 993 33.89 807 7 1483 50.61
948 3 540 18.43 877 6 999 34.10 806 7 1490 50.85
947 8 548 18.70 876 6 1005 34.30 805 9 1499 51.16
946 6 554 18.91 875 5 1010 34.47 804 11 1510 51.54
945 4 558 19.04 874 4 1014 34.61 803 6 1516 51.74
944 4 562 19.18 873 10 1024 34.95 802 5 1521 51.91
943 6 568 19.39 872 7 1031 35.19 801 3 1524 52.01
942 7 575 19.62 871 11 1042 35.56 800 4 1528 52.15
941 9 584 19.93 870 4 1046 35.70 799 11 1539 52.53
940 9 593 20.24 869 4 1050 35.84 798 7 1546 52.76
939 7 600 20.48 868 4 1054 35.97 797 6 1552 52.97
938 2 602 20.55 867 9 1063 36.28 796 10 1562 53.31
937 8 610 20.82 866 9 1072 36.59 795 8 1570 53.58

--- Page 6 ---
総合点 人員(人) 人員累計(人)累計割合(％) 総合点 人員(人) 人員累計(人)累計割合(％) 総合点 人員(人) 人員累計(人)累計割合(％)
794 7 1577 53.82 723 4 2118 72.29 652 2 2542 86.76
793 6 1583 54.03 722 12 2130 72.70 651 5 2547 86.93
792 6 1589 54.23 721 4 2134 72.83 650 6 2553 87.13
791 4 1593 54.37 720 7 2141 73.07 649 4 2557 87.27
790 6 1599 54.57 719 4 2145 73.21 648 5 2562 87.44
789 16 1615 55.12 718 13 2158 73.65 647 3 2565 87.54
788 12 1627 55.53 717 3 2161 73.75 646 5 2570 87.71
787 10 1637 55.87 716 13 2174 74.20 645 4 2574 87.85
786 8 1645 56.14 715 7 2181 74.44 644 2 2576 87.92
785 10 1655 56.48 714 7 2188 74.68 643 6 2582 88.12
784 8 1663 56.76 713 5 2193 74.85 642 4 2586 88.26
783 10 1673 57.10 712 9 2202 75.15 641 3 2589 88.36
782 8 1681 57.37 711 4 2206 75.29 640 1 2590 88.40
781 12 1693 57.78 710 6 2212 75.49 639 2 2592 88.46
780 5 1698 57.95 709 5 2217 75.67 638 3 2595 88.57
779 10 1708 58.29 708 7 2224 75.90 637 7 2602 88.81
778 12 1720 58.70 707 5 2229 76.08 636 4 2606 88.94
777 8 1728 58.98 706 8 2237 76.35 635 5 2611 89.11
776 4 1732 59.11 705 9 2246 76.66 634 1 2612 89.15
775 12 1744 59.52 704 4 2250 76.79 633 4 2616 89.28
774 7 1751 59.76 703 7 2257 77.03 632 4 2620 89.42
773 11 1762 60.14 702 6 2263 77.24 631 0 2620 89.42
772 7 1769 60.38 701 6 2269 77.44 630 3 2623 89.52
771 6 1775 60.58 700 8 2277 77.71 629 3 2626 89.62
770 6 1781 60.78 699 6 2283 77.92 628 1 2627 89.66
769 4 1785 60.92 698 5 2288 78.09 627 4 2631 89.80
768 8 1793 61.19 697 7 2295 78.33 626 6 2637 90.00
767 8 1801 61.47 696 8 2303 78.60 625 4 2641 90.14
766 6 1807 61.67 695 6 2309 78.81 624 12 2653 90.55
765 10 1817 62.01 694 8 2317 79.08 623 4 2657 90.68
764 13 1830 62.46 693 6 2323 79.28 622 2 2659 90.75
763 4 1834 62.59 692 7 2330 79.52 621 9 2668 91.06
762 10 1844 62.94 691 9 2339 79.83 620 2 2670 91.13
761 11 1855 63.31 690 7 2346 80.07 619 1 2671 91.16
760 5 1860 63.48 689 4 2350 80.20 618 2 2673 91.23
759 8 1868 63.75 688 3 2353 80.31 617 4 2677 91.37
758 8 1876 64.03 687 6 2359 80.51 616 5 2682 91.54
757 12 1888 64.44 686 10 2369 80.85 615 3 2685 91.64
756 9 1897 64.74 685 5 2374 81.02 614 7 2692 91.88
755 9 1906 65.05 684 3 2377 81.13 613 3 2695 91.98
754 5 1911 65.22 683 4 2381 81.26 612 1 2696 92.01
753 7 1918 65.46 682 4 2385 81.40 611 4 2700 92.15
752 10 1928 65.80 681 6 2391 81.60 610 2 2702 92.22
751 12 1940 66.21 680 8 2399 81.88 609 2 2704 92.29
750 7 1947 66.45 679 4 2403 82.01 608 6 2710 92.49
749 6 1953 66.66 678 7 2410 82.25 607 2 2712 92.56
748 4 1957 66.79 677 6 2416 82.46 606 1 2713 92.59
747 5 1962 66.96 676 4 2420 82.59 605 2 2715 92.66
746 8 1970 67.24 675 5 2425 82.76 604 3 2718 92.76
745 7 1977 67.47 674 2 2427 82.83 603 5 2723 92.94
744 5 1982 67.65 673 9 2436 83.14 602 5 2728 93.11
743 5 1987 67.82 672 8 2444 83.41 601 4 2732 93.24
742 6 1993 68.02 671 5 2449 83.58 600 4 2736 93.38
741 5 1998 68.19 670 6 2455 83.79 599 2 2738 93.45
740 6 2004 68.40 669 6 2461 83.99 598 3 2741 93.55
739 15 2019 68.91 668 4 2465 84.13 597 5 2746 93.72
738 6 2025 69.11 667 7 2472 84.37 596 3 2749 93.82
737 4 2029 69.25 666 3 2475 84.47 595 6 2755 94.03
736 5 2034 69.42 665 4 2479 84.61 594 6 2761 94.23
735 4 2038 69.56 664 5 2484 84.78 593 3 2764 94.33
734 4 2042 69.69 663 5 2489 84.95 592 3 2767 94.44
733 7 2049 69.93 662 7 2496 85.19 591 3 2770 94.54
732 8 2057 70.20 661 5 2501 85.36 590 1 2771 94.57
731 7 2064 70.44 660 6 2507 85.56 589 3 2774 94.68
730 11 2075 70.82 659 7 2514 85.80 588 3 2777 94.78
729 8 2083 71.09 658 4 2518 85.94 587 5 2782 94.95
728 6 2089 71.30 657 5 2523 86.11 586 1 2783 94.98
727 6 2095 71.50 656 7 2530 86.35 585 5 2788 95.15
726 6 2101 71.71 655 4 2534 86.48 584 5 2793 95.32
725 2 2103 71.77 654 2 2536 86.55 583 1 2794 95.36
724 11 2114 72.15 653 4 2540 86.69 582 1 2795 95.39

--- Page 7 ---
総合点 人員(人) 人員累計(人)累計割合(％) 総合点 人員(人) 人員累計(人)累計割合(％)
581 1 2796 95.43 509 1 2906 99.18
580 1 2797 95.46 508 1 2907 99.22
579 2 2799 95.53 507 2 2909 99.28
578 5 2804 95.70 506 0 2909 99.28
577 1 2805 95.73 505 4 2913 99.42
576 2 2807 95.80 504 3 2916 99.52
575 3 2810 95.90 503 2 2918 99.59
574 5 2815 96.08 502 0 2918 99.59
573 1 2816 96.11 501 0 2918 99.59
572 3 2819 96.21 500 0 2918 99.59
571 1 2820 96.25 499 0 2918 99.59
570 4 2824 96.38 498 0 2918 99.59
569 2 2826 96.45 497 0 2918 99.59
568 4 2830 96.59 496 0 2918 99.59
567 2 2832 96.66 495 1 2919 99.62
566 0 2832 96.66 494 0 2919 99.62
565 0 2832 96.66 493 0 2919 99.62
564 7 2839 96.89 492 0 2919 99.62
563 2 2841 96.96 491 1 2920 99.66
562 3 2844 97.06 490 0 2920 99.66
561 0 2844 97.06 489 0 2920 99.66
560 1 2845 97.10 488 0 2920 99.66
559 1 2846 97.13 487 0 2920 99.66
558 1 2847 97.17 486 0 2920 99.66
557 1 2848 97.20 485 1 2921 99.69
556 3 2851 97.30 484 0 2921 99.69
555 1 2852 97.34 483 0 2921 99.69
554 1 2853 97.37 482 1 2922 99.73
553 2 2855 97.44 481 3 2925 99.83
552 3 2858 97.54 480 0 2925 99.83
551 2 2860 97.61 479 0 2925 99.83
550 1 2861 97.65 478 1 2926 99.86
549 2 2863 97.71 477 0 2926 99.86
548 1 2864 97.75 476 0 2926 99.86
547 2 2866 97.82 475 0 2926 99.86
546 1 2867 97.85 474 0 2926 99.86
545 2 2869 97.92 473 0 2926 99.86
544 5 2874 98.09 472 0 2926 99.86
543 2 2876 98.16 471 0 2926 99.86
542 1 2877 98.19 470 0 2926 99.86
541 2 2879 98.26 469 0 2926 99.86
540 0 2879 98.26 468 0 2926 99.86
539 4 2883 98.40 467 0 2926 99.86
538 1 2884 98.43 466 0 2926 99.86
537 2 2886 98.50 465 0 2926 99.86
536 0 2886 98.50 464 0 2926 99.86
535 0 2886 98.50 463 2 2928 99.93
534 1 2887 98.53 462 0 2928 99.93
533 0 2887 98.53 461 0 2928 99.93
532 1 2888 98.57 460 0 2928 99.93
531 0 2888 98.57 459 0 2928 99.93
530 0 2888 98.57 458 0 2928 99.93
529 3 2891 98.67 457 0 2928 99.93
528 0 2891 98.67 456 0 2928 99.93
527 0 2891 98.67 455 1 2929 99.97
526 1 2892 98.70 454 0 2929 99.97
525 1 2893 98.74 453 0 2929 99.97
524 1 2894 98.77 452 0 2929 99.97
523 1 2895 98.81 451 0 2929 99.97
522 2 2897 98.87 450 0 2929 99.97
521 0 2897 98.87 449 0 2929 99.97
520 1 2898 98.91 448 0 2929 99.97
519 2 2900 98.98 447 0 2929 99.97
518 1 2901 99.01 446 0 2929 99.97
517 0 2901 99.01 445 0 2929 99.97
516 0 2901 99.01 444 0 2929 99.97
515 1 2902 99.04 443 0 2929 99.97
514 0 2902 99.04 442 0 2929 99.97
513 2 2904 99.11 441 0 2929 99.97
512 0 2904 99.11 440 1 2930 100.00
511 1 2905 99.15
510 0 2905 99.15

--- Page 8 ---
令和５年司法試験論文式試験得点別人員調（合計得点）
得点 人員（人） 人員累計(人) 累計割合(％) 得点 人員（人） 人員累計(人) 累計割合(％) 得点 人員（人） 人員累計(人) 累計割合(％)
611 1 1 0.03 544 2 43 1.37 477 14 400 12.70
610 0 1 0.03 543 0 43 1.37 476 10 410 13.02
609 0 1 0.03 542 2 45 1.43 475 7 417 13.24
608 0 1 0.03 541 3 48 1.52 474 14 431 13.69
607 0 1 0.03 540 0 48 1.52 473 17 448 14.23
606 0 1 0.03 539 5 53 1.68 472 11 459 14.58
605 0 1 0.03 538 1 54 1.71 471 14 473 15.02
604 1 2 0.06 537 2 56 1.78 470 15 488 15.50
603 0 2 0.06 536 3 59 1.87 469 4 492 15.62
602 0 2 0.06 535 3 62 1.97 468 4 496 15.75
601 0 2 0.06 534 2 64 2.03 467 8 504 16.01
600 0 2 0.06 533 3 67 2.13 466 11 515 16.35
599 1 3 0.10 532 6 73 2.32 465 13 528 16.77
598 1 4 0.13 531 3 76 2.41 464 14 542 17.21
597 0 4 0.13 530 2 78 2.48 463 7 549 17.43
596 0 4 0.13 529 2 80 2.54 462 9 558 17.72
595 1 5 0.16 528 2 82 2.60 461 15 573 18.20
594 1 6 0.19 527 3 85 2.70 460 12 585 18.58
593 0 6 0.19 526 2 87 2.76 459 7 592 18.80
592 0 6 0.19 525 1 88 2.79 458 10 602 19.12
591 0 6 0.19 524 3 91 2.89 457 5 607 19.28
590 0 6 0.19 523 1 92 2.92 456 14 621 19.72
589 0 6 0.19 522 3 95 3.02 455 12 633 20.10
588 0 6 0.19 521 3 98 3.11 454 13 646 20.51
587 0 6 0.19 520 3 101 3.21 453 13 659 20.93
586 0 6 0.19 519 3 104 3.30 452 10 669 21.24
585 0 6 0.19 518 0 104 3.30 451 13 682 21.66
584 0 6 0.19 517 3 107 3.40 450 14 696 22.10
583 0 6 0.19 516 2 109 3.46 449 14 710 22.55
582 0 6 0.19 515 4 113 3.59 448 11 721 22.90
581 3 9 0.29 514 5 118 3.75 447 11 732 23.25
580 0 9 0.29 513 10 128 4.06 446 17 749 23.79
579 0 9 0.29 512 4 132 4.19 445 11 760 24.13
578 0 9 0.29 511 4 136 4.32 444 7 767 24.36
577 0 9 0.29 510 9 145 4.60 443 13 780 24.77
576 0 9 0.29 509 3 148 4.70 442 21 801 25.44
575 1 10 0.32 508 4 152 4.83 441 9 810 25.72
574 1 11 0.35 507 8 160 5.08 440 7 817 25.94
573 0 11 0.35 506 4 164 5.21 439 7 824 26.17
572 1 12 0.38 505 10 174 5.53 438 13 837 26.58
571 0 12 0.38 504 11 185 5.87 437 10 847 26.90
570 0 12 0.38 503 5 190 6.03 436 21 868 27.56
569 0 12 0.38 502 8 198 6.29 435 14 882 28.01
568 1 13 0.41 501 9 207 6.57 434 7 889 28.23
567 2 15 0.48 500 6 213 6.76 433 19 908 28.83
566 0 15 0.48 499 5 218 6.92 432 14 922 29.28
565 1 16 0.51 498 6 224 7.11 431 9 931 29.56
564 3 19 0.60 497 7 231 7.34 430 11 942 29.91
563 0 19 0.60 496 3 234 7.43 429 14 956 30.36
562 0 19 0.60 495 7 241 7.65 428 4 960 30.49
561 1 20 0.64 494 7 248 7.88 427 14 974 30.93
560 2 22 0.70 493 7 255 8.10 426 18 992 31.50
559 2 24 0.76 492 9 264 8.38 425 11 1003 31.85
558 0 24 0.76 491 6 270 8.57 424 7 1010 32.07
557 1 25 0.79 490 10 280 8.89 423 12 1022 32.45
556 2 27 0.86 489 10 290 9.21 422 13 1035 32.87
555 2 29 0.92 488 6 296 9.40 421 11 1046 33.22
554 1 30 0.95 487 12 308 9.78 420 11 1057 33.57
553 2 32 1.02 486 7 315 10.00 419 13 1070 33.98
552 1 33 1.05 485 12 327 10.38 418 19 1089 34.58
551 4 37 1.17 484 11 338 10.73 417 16 1105 35.09
550 1 38 1.21 483 12 350 11.11 416 20 1125 35.73
549 0 38 1.21 482 7 357 11.34 415 10 1135 36.04
548 0 38 1.21 481 9 366 11.62 414 7 1142 36.27
547 0 38 1.21 480 6 372 11.81 413 17 1159 36.81
546 2 40 1.27 479 7 379 12.04 412 13 1172 37.22
545 1 41 1.30 478 7 386 12.26 411 15 1187 37.69
（注） 累計割合(％)は、短答式試験の合格に必要な成績を得た者に対する人員累計（人）の割合である。

--- Page 9 ---
得点 人員（人） 人員累計(人) 累計割合(％) 得点 人員（人） 人員累計(人) 累計割合(％) 得点 人員（人） 人員累計(人) 累計割合(％)
410 22 1209 38.39 342 9 2167 68.82 274 7 2806 89.11
409 14 1223 38.84 341 15 2182 69.29 273 8 2814 89.36
408 16 1239 39.35 340 13 2195 69.70 272 6 2820 89.55
407 12 1251 39.73 339 15 2210 70.18 271 4 2824 89.68
406 15 1266 40.20 338 13 2223 70.59 270 5 2829 89.84
405 18 1284 40.77 337 11 2234 70.94 269 2 2831 89.90
404 9 1293 41.06 336 13 2247 71.36 268 5 2836 90.06
403 10 1303 41.38 335 6 2253 71.55 267 13 2849 90.47
402 11 1314 41.73 334 14 2267 71.99 266 8 2857 90.73
401 11 1325 42.08 333 11 2278 72.34 265 5 2862 90.89
400 12 1337 42.46 332 10 2288 72.66 264 4 2866 91.01
399 19 1356 43.06 331 11 2299 73.01 263 5 2871 91.17
398 12 1368 43.44 330 18 2317 73.58 262 7 2878 91.39
397 16 1384 43.95 329 15 2332 74.06 261 1 2879 91.43
396 11 1395 44.30 328 12 2344 74.44 260 3 2882 91.52
395 11 1406 44.65 327 15 2359 74.91 259 7 2889 91.74
394 11 1417 45.00 326 15 2374 75.39 258 9 2898 92.03
393 16 1433 45.51 325 7 2381 75.61 257 4 2902 92.16
392 14 1447 45.95 324 8 2389 75.87 256 4 2906 92.28
391 11 1458 46.30 323 9 2398 76.15 255 3 2909 92.38
390 7 1465 46.52 322 13 2411 76.56 254 11 2920 92.73
389 18 1483 47.09 321 8 2419 76.82 253 4 2924 92.85
388 13 1496 47.51 320 8 2427 77.07 252 4 2928 92.98
387 12 1508 47.89 319 5 2432 77.23 251 2 2930 93.05
386 15 1523 48.36 318 6 2438 77.42 250 7 2937 93.27
385 14 1537 48.81 317 12 2450 77.80 249 2 2939 93.33
384 20 1557 49.44 316 9 2459 78.09 248 3 2942 93.43
383 20 1577 50.08 315 14 2473 78.53 247 8 2950 93.68
382 17 1594 50.62 314 12 2485 78.91 246 2 2952 93.74
381 11 1605 50.97 313 12 2497 79.30 245 4 2956 93.87
380 17 1622 51.51 312 15 2512 79.77 244 2 2958 93.93
379 18 1640 52.08 311 8 2520 80.03 243 2 2960 94.00
378 17 1657 52.62 310 10 2530 80.34 242 3 2963 94.09
377 13 1670 53.03 309 8 2538 80.60 241 6 2969 94.28
376 13 1683 53.45 308 11 2549 80.95 240 5 2974 94.44
375 20 1703 54.08 307 6 2555 81.14 239 4 2978 94.57
374 15 1718 54.56 306 8 2563 81.39 238 1 2979 94.60
373 20 1738 55.19 305 7 2570 81.61 237 0 2979 94.60
372 16 1754 55.70 304 4 2574 81.74 236 6 2985 94.79
371 13 1767 56.11 303 4 2578 81.87 235 1 2986 94.82
370 11 1778 56.46 302 12 2590 82.25 234 0 2986 94.82
369 13 1791 56.88 301 5 2595 82.41 233 5 2991 94.98
368 15 1806 57.35 300 7 2602 82.63 232 6 2997 95.17
367 16 1822 57.86 299 11 2613 82.98 231 3 3000 95.27
366 12 1834 58.24 298 9 2622 83.26 230 4 3004 95.40
365 20 1854 58.88 297 14 2636 83.71 229 2 3006 95.46
364 15 1869 59.35 296 7 2643 83.93 228 2 3008 95.52
363 13 1882 59.77 295 7 2650 84.15 227 2 3010 95.59
362 9 1891 60.05 294 6 2656 84.34 226 3 3013 95.68
361 17 1908 60.59 293 7 2663 84.57 225 5 3018 95.84
360 17 1925 61.13 292 6 2669 84.76 224 6 3024 96.03
359 7 1932 61.35 291 10 2679 85.07 223 1 3025 96.06
358 16 1948 61.86 290 7 2686 85.30 222 1 3026 96.09
357 14 1962 62.31 289 4 2690 85.42 221 1 3027 96.13
356 19 1981 62.91 288 5 2695 85.58 220 1 3028 96.16
355 11 1992 63.26 287 3 2698 85.68 219 2 3030 96.22
354 13 2005 63.67 286 13 2711 86.09 218 2 3032 96.28
353 7 2012 63.89 285 9 2720 86.38 217 4 3036 96.41
352 16 2028 64.40 284 8 2728 86.63 216 5 3041 96.57
351 17 2045 64.94 283 10 2738 86.95 215 3 3044 96.67
350 9 2054 65.23 282 8 2746 87.20 214 0 3044 96.67
349 17 2071 65.77 281 7 2753 87.42 213 2 3046 96.73
348 22 2093 66.47 280 7 2760 87.65 212 3 3049 96.82
347 12 2105 66.85 279 6 2766 87.84 211 1 3050 96.86
346 13 2118 67.26 278 11 2777 88.19 210 1 3051 96.89
345 12 2130 67.64 277 9 2786 88.47 209 0 3051 96.89
344 14 2144 68.09 276 6 2792 88.66 208 2 3053 96.95
343 14 2158 68.53 275 7 2799 88.89 207 1 3054 96.98

--- Page 10 ---
得点 人員（人） 人員累計(人) 累計割合(％) 得点 人員（人） 人員累計(人) 累計割合(％) 得点 人員（人） 人員累計(人) 累計割合(％)
206 1 3055 97.01 138 0 3129 99.36 70 0 3144 99.84
205 1 3056 97.05 137 0 3129 99.36 69 0 3144 99.84
204 4 3060 97.17 136 1 3130 99.40 68 0 3144 99.84
203 1 3061 97.21 135 2 3132 99.46 67 0 3144 99.84
202 0 3061 97.21 134 0 3132 99.46 66 0 3144 99.84
201 1 3062 97.24 133 1 3133 99.49 65 0 3144 99.84
200 1 3063 97.27 132 0 3133 99.49 64 0 3144 99.84
199 2 3065 97.33 131 1 3134 99.52 63 0 3144 99.84
198 1 3066 97.36 130 0 3134 99.52 62 0 3144 99.84
197 2 3068 97.43 129 1 3135 99.56 61 0 3144 99.84
196 2 3070 97.49 128 0 3135 99.56 60 0 3144 99.84
195 1 3071 97.52 127 1 3136 99.59 59 0 3144 99.84
194 1 3072 97.55 126 0 3136 99.59 58 0 3144 99.84
193 2 3074 97.62 125 0 3136 99.59 57 0 3144 99.84
192 5 3079 97.78 124 0 3136 99.59 56 0 3144 99.84
191 1 3080 97.81 123 2 3138 99.65 55 0 3144 99.84
190 1 3081 97.84 122 0 3138 99.65 54 0 3144 99.84
189 3 3084 97.94 121 0 3138 99.65 53 0 3144 99.84
188 1 3085 97.97 120 0 3138 99.65 52 0 3144 99.84
187 0 3085 97.97 119 0 3138 99.65 51 0 3144 99.84
186 0 3085 97.97 118 0 3138 99.65 50 0 3144 99.84
185 2 3087 98.03 117 0 3138 99.65 49 0 3144 99.84
184 1 3088 98.06 116 0 3138 99.65 48 0 3144 99.84
183 1 3089 98.09 115 0 3138 99.65 47 0 3144 99.84
182 0 3089 98.09 114 0 3138 99.65 46 0 3144 99.84
181 1 3090 98.13 113 0 3138 99.65 45 0 3144 99.84
180 1 3091 98.16 112 0 3138 99.65 44 0 3144 99.84
179 1 3092 98.19 111 0 3138 99.65 43 0 3144 99.84
178 1 3093 98.22 110 0 3138 99.65 42 0 3144 99.84
177 0 3093 98.22 109 0 3138 99.65 41 0 3144 99.84
176 0 3093 98.22 108 0 3138 99.65 40 1 3145 99.87
175 2 3095 98.29 107 0 3138 99.65 39 0 3145 99.87
174 2 3097 98.35 106 0 3138 99.65 38 0 3145 99.87
173 2 3099 98.41 105 0 3138 99.65 37 0 3145 99.87
172 0 3099 98.41 104 1 3139 99.68 36 0 3145 99.87
171 1 3100 98.44 103 0 3139 99.68 35 1 3146 99.90
170 2 3102 98.51 102 2 3141 99.75 35未満 3 3149 100.00
169 4 3106 98.63 101 1 3142 99.78
168 0 3106 98.63 100 0 3142 99.78
167 0 3106 98.63 99 0 3142 99.78
166 1 3107 98.67 98 0 3142 99.78
165 4 3111 98.79 97 0 3142 99.78
164 0 3111 98.79 96 0 3142 99.78
163 0 3111 98.79 95 0 3142 99.78
162 1 3112 98.83 94 0 3142 99.78
161 0 3112 98.83 93 0 3142 99.78
160 1 3113 98.86 92 0 3142 99.78
159 2 3115 98.92 91 0 3142 99.78
158 1 3116 98.95 90 0 3142 99.78
157 3 3119 99.05 89 0 3142 99.78
156 0 3119 99.05 88 0 3142 99.78
155 3 3122 99.14 87 0 3142 99.78
154 0 3122 99.14 86 1 3143 99.81
153 0 3122 99.14 85 1 3144 99.84
152 0 3122 99.14 84 0 3144 99.84
151 0 3122 99.14 83 0 3144 99.84
150 0 3122 99.14 82 0 3144 99.84
149 2 3124 99.21 81 0 3144 99.84
148 1 3125 99.24 80 0 3144 99.84
147 1 3126 99.27 79 0 3144 99.84
146 1 3127 99.30 78 0 3144 99.84
145 1 3128 99.33 77 0 3144 99.84
144 0 3128 99.33 76 0 3144 99.84
143 0 3128 99.33 75 0 3144 99.84
142 0 3128 99.33 74 0 3144 99.84
141 0 3128 99.33 73 0 3144 99.84
140 1 3129 99.36 72 0 3144 99.84
139 0 3129 99.36 71 0 3144 99.84

--- Page 11 ---
令和５年司法試験論文式試験得点別人員調（公法系科目）
得点 人員（人） 人員累計(人) 累計割合(％) 得点 人員（人） 人員累計(人) 累計割合(％) 得点 人員（人） 人員累計(人) 累計割合(％)
185 1 1 0.03 125 24 329 10.45 65 20 2812 89.30
184 0 1 0.03 124 29 358 11.37 64 12 2824 89.68
183 0 1 0.03 123 26 384 12.19 63 25 2849 90.47
182 0 1 0.03 122 29 413 13.12 62 29 2878 91.39
181 0 1 0.03 121 37 450 14.29 61 17 2895 91.93
180 0 1 0.03 120 29 479 15.21 60 17 2912 92.47
179 0 1 0.03 119 34 513 16.29 59 13 2925 92.89
178 0 1 0.03 118 34 547 17.37 58 18 2943 93.46
177 0 1 0.03 117 47 594 18.86 57 15 2958 93.93
176 0 1 0.03 116 33 627 19.91 56 13 2971 94.35
175 0 1 0.03 115 28 655 20.80 55 12 2983 94.73
174 0 1 0.03 114 29 684 21.72 54 12 2995 95.11
173 0 1 0.03 113 38 722 22.93 53 9 3004 95.40
172 0 1 0.03 112 47 769 24.42 52 11 3015 95.74
171 0 1 0.03 111 44 813 25.82 51 11 3026 96.09
170 0 1 0.03 110 51 864 27.44 50 7 3033 96.32
169 0 1 0.03 109 37 901 28.61 49 7 3040 96.54
168 0 1 0.03 108 39 940 29.85 48 13 3053 96.95
167 0 1 0.03 107 52 992 31.50 47 4 3057 97.08
166 0 1 0.03 106 42 1034 32.84 46 7 3064 97.30
165 0 1 0.03 105 57 1091 34.65 45 6 3070 97.49
164 0 1 0.03 104 49 1140 36.20 44 5 3075 97.65
163 0 1 0.03 103 50 1190 37.79 43 5 3080 97.81
162 1 2 0.06 102 48 1238 39.31 42 5 3085 97.97
161 0 2 0.06 101 55 1293 41.06 41 7 3092 98.19
160 1 3 0.10 100 52 1345 42.71 40 6 3098 98.38
159 2 5 0.16 99 60 1405 44.62 39 1 3099 98.41
158 2 7 0.22 98 50 1455 46.21 38 0 3099 98.41
157 2 9 0.29 97 44 1499 47.60 37 0 3099 98.41
156 3 12 0.38 96 50 1549 49.19 36 4 3103 98.54
155 2 14 0.44 95 63 1612 51.19 35 8 3111 98.79
154 1 15 0.48 94 56 1668 52.97 34 3 3114 98.89
153 1 16 0.51 93 55 1723 54.72 33 2 3116 98.95
152 1 17 0.54 92 55 1778 56.46 32 1 3117 98.98
151 5 22 0.70 91 44 1822 57.86 31 3 3120 99.08
150 1 23 0.73 90 47 1869 59.35 30 3 3123 99.17
149 3 26 0.83 89 48 1917 60.88 29 1 3124 99.21
148 2 28 0.89 88 51 1968 62.50 28 1 3125 99.24
147 3 31 0.98 87 52 2020 64.15 27 1 3126 99.27
146 5 36 1.14 86 53 2073 65.83 26 5 3131 99.43
145 2 38 1.21 85 48 2121 67.35 25 0 3131 99.43
144 3 41 1.30 84 45 2166 68.78 24 2 3133 99.49
143 6 47 1.49 83 48 2214 70.31 23 0 3133 99.49
142 3 50 1.59 82 40 2254 71.58 22 1 3134 99.52
141 14 64 2.03 81 47 2301 73.07 21 1 3135 99.56
140 5 69 2.19 80 42 2343 74.40 20 1 3136 99.59
139 11 80 2.54 79 38 2381 75.61 19 4 3140 99.71
138 19 99 3.14 78 40 2421 76.88 18 0 3140 99.71
137 14 113 3.59 77 32 2453 77.90 17 1 3141 99.75
136 16 129 4.10 76 40 2493 79.17 16 0 3141 99.75
135 6 135 4.29 75 43 2536 80.53 15 0 3141 99.75
134 14 149 4.73 74 33 2569 81.58 14 0 3141 99.75
133 16 165 5.24 73 35 2604 82.69 13 0 3141 99.75
132 18 183 5.81 72 23 2627 83.42 12 0 3141 99.75
131 15 198 6.29 71 38 2665 84.63 11 0 3141 99.75
130 20 218 6.92 70 30 2695 85.58 10 0 3141 99.75
129 17 235 7.46 69 34 2729 86.66 10未満 8 3149 100.00
128 21 256 8.13 68 16 2745 87.17
127 23 279 8.86 67 28 2773 88.06
126 26 305 9.69 66 19 2792 88.66
（注）累計割合(％)は、短答式試験の合格に必要な成績を得た者に対する人員累計（人）の割合である。

--- Page 12 ---
令和５年司法試験論文式試験得点別人員調（民事系科目）
得点 人員（人）人員累計(人)累計割合(％) 得点 人員（人）人員累計(人)累計割合(％) 得点 人員（人）人員累計(人)累計割合(％) 得点 人員（人）人員累計(人)累計割合(％)
246 1 1 0.03 174 23 686 21.78 102 15 2691 85.46 30 1 3144 99.84
245 0 1 0.03 173 22 708 22.48 101 17 2708 86.00 29 0 3144 99.84
244 0 1 0.03 172 21 729 23.15 100 19 2727 86.60 28 1 3145 99.87
243 0 1 0.03 171 22 751 23.85 99 16 2743 87.11 27 0 3145 99.87
242 0 1 0.03 170 23 774 24.58 98 12 2755 87.49 26 0 3145 99.87
241 1 2 0.06 169 28 802 25.47 97 14 2769 87.93 25 0 3145 99.87
240 0 2 0.06 168 19 821 26.07 96 20 2789 88.57 24 0 3145 99.87
239 0 2 0.06 167 32 853 27.09 95 9 2798 88.85 23 0 3145 99.87
238 0 2 0.06 166 30 883 28.04 94 9 2807 89.14 22 1 3146 99.90
237 0 2 0.06 165 27 910 28.90 93 18 2825 89.71 21 0 3146 99.90
236 2 4 0.13 164 23 933 29.63 92 17 2842 90.25 20 0 3146 99.90
235 1 5 0.16 163 38 971 30.84 91 10 2852 90.57 19 0 3146 99.90
234 0 5 0.16 162 23 994 31.57 90 15 2867 91.04 18 1 3147 99.94
233 0 5 0.16 161 28 1022 32.45 89 14 2881 91.49 17 0 3147 99.94
232 0 5 0.16 160 35 1057 33.57 88 14 2895 91.93 16 0 3147 99.94
231 2 7 0.22 159 30 1087 34.52 87 17 2912 92.47 15 0 3147 99.94
230 0 7 0.22 158 32 1119 35.54 86 10 2922 92.79 14 0 3147 99.94
229 0 7 0.22 157 24 1143 36.30 85 9 2931 93.08 13 0 3147 99.94
228 4 11 0.35 156 27 1170 37.15 84 13 2944 93.49 12 0 3147 99.94
227 2 13 0.41 155 32 1202 38.17 83 15 2959 93.97 11 0 3147 99.94
226 3 16 0.51 154 47 1249 39.66 82 3 2962 94.06 10 0 3147 99.94
225 1 17 0.54 153 34 1283 40.74 81 9 2971 94.35 10未満 2 3149 100.00
224 1 18 0.57 152 31 1314 41.73 80 9 2980 94.63
223 1 19 0.60 151 34 1348 42.81 79 12 2992 95.01
222 2 21 0.67 150 28 1376 43.70 78 7 2999 95.24
221 3 24 0.76 149 30 1406 44.65 77 3 3002 95.33
220 2 26 0.83 148 33 1439 45.70 76 8 3010 95.59
219 5 31 0.98 147 34 1473 46.78 75 16 3026 96.09
218 1 32 1.02 146 37 1510 47.95 74 7 3033 96.32
217 3 35 1.11 145 39 1549 49.19 73 5 3038 96.48
216 3 38 1.21 144 40 1589 50.46 72 2 3040 96.54
215 4 42 1.33 143 33 1622 51.51 71 5 3045 96.70
214 6 48 1.52 142 28 1650 52.40 70 4 3049 96.82
213 6 54 1.71 141 27 1677 53.26 69 4 3053 96.95
212 3 57 1.81 140 35 1712 54.37 68 8 3061 97.21
211 5 62 1.97 139 34 1746 55.45 67 10 3071 97.52
210 3 65 2.06 138 32 1778 56.46 66 5 3076 97.68
209 4 69 2.19 137 31 1809 57.45 65 4 3080 97.81
208 11 80 2.54 136 41 1850 58.75 64 4 3084 97.94
207 6 86 2.73 135 22 1872 59.45 63 5 3089 98.09
206 7 93 2.95 134 21 1893 60.11 62 4 3093 98.22
205 13 106 3.37 133 41 1934 61.42 61 3 3096 98.32
204 9 115 3.65 132 28 1962 62.31 60 3 3099 98.41
203 11 126 4.00 131 37 1999 63.48 59 1 3100 98.44
202 12 138 4.38 130 28 2027 64.37 58 1 3101 98.48
201 10 148 4.70 129 27 2054 65.23 57 2 3103 98.54
200 9 157 4.99 128 21 2075 65.89 56 1 3104 98.57
199 10 167 5.30 127 34 2109 66.97 55 4 3108 98.70
198 13 180 5.72 126 25 2134 67.77 54 2 3110 98.76
197 12 192 6.10 125 30 2164 68.72 53 2 3112 98.83
196 15 207 6.57 124 24 2188 69.48 52 3 3115 98.92
195 14 221 7.02 123 27 2215 70.34 51 2 3117 98.98
194 13 234 7.43 122 27 2242 71.20 50 5 3122 99.14
193 15 249 7.91 121 29 2271 72.12 49 4 3126 99.27
192 23 272 8.64 120 36 2307 73.26 48 3 3129 99.36
191 20 292 9.27 119 22 2329 73.96 47 2 3131 99.43
190 23 315 10.00 118 25 2354 74.75 46 1 3132 99.46
189 14 329 10.45 117 22 2376 75.45 45 0 3132 99.46
188 18 347 11.02 116 25 2401 76.25 44 2 3134 99.52
187 19 366 11.62 115 18 2419 76.82 43 1 3135 99.56
186 14 380 12.07 114 23 2442 77.55 42 0 3135 99.56
185 21 401 12.73 113 25 2467 78.34 41 2 3137 99.62
184 21 422 13.40 112 24 2491 79.10 40 2 3139 99.68
183 25 447 14.19 111 17 2508 79.64 39 0 3139 99.68
182 21 468 14.86 110 23 2531 80.37 38 2 3141 99.75
181 23 491 15.59 109 29 2560 81.30 37 0 3141 99.75
180 38 529 16.80 108 22 2582 81.99 36 1 3142 99.78
179 19 548 17.40 107 24 2606 82.76 35 1 3143 99.81
178 26 574 18.23 106 16 2622 83.26 34 0 3143 99.81
177 30 604 19.18 105 21 2643 83.93 33 0 3143 99.81
176 27 631 20.04 104 22 2665 84.63 32 0 3143 99.81
175 32 663 21.05 103 11 2676 84.98 31 0 3143 99.81
（注）累計割合(％)は、短答式試験の合格に必要な成績を得た者に対する人員累計（人）の割合である。

--- Page 13 ---
令和５年司法試験論文式試験得点別人員調（刑事系科目）
得点 人員（人） 人員累計(人) 累計割合(％) 得点 人員（人） 人員累計(人) 累計割合(％) 得点 人員（人） 人員累計(人) 累計割合(％)
169 1 1 0.03 108 39 953 30.26 47 7 3062 97.24
168 0 1 0.03 107 51 1004 31.88 46 8 3070 97.49
167 1 2 0.06 106 57 1061 33.69 45 8 3078 97.75
166 0 2 0.06 105 48 1109 35.22 44 8 3086 98.00
165 0 2 0.06 104 53 1162 36.90 43 6 3092 98.19
164 0 2 0.06 103 52 1214 38.55 42 3 3095 98.29
163 3 5 0.16 102 49 1263 40.11 41 7 3102 98.51
162 0 5 0.16 101 44 1307 41.51 40 1 3103 98.54
161 0 5 0.16 100 45 1352 42.93 39 3 3106 98.63
160 2 7 0.22 99 49 1401 44.49 38 4 3110 98.76
159 0 7 0.22 98 54 1455 46.21 37 7 3117 98.98
158 1 8 0.25 97 64 1519 48.24 36 1 3118 99.02
157 2 10 0.32 96 55 1574 49.98 35 3 3121 99.11
156 0 10 0.32 95 60 1634 51.89 34 2 3123 99.17
155 1 11 0.35 94 49 1683 53.45 33 1 3124 99.21
154 0 11 0.35 93 49 1732 55.00 32 2 3126 99.27
153 0 11 0.35 92 43 1775 56.37 31 2 3128 99.33
152 2 13 0.41 91 49 1824 57.92 30 1 3129 99.36
151 1 14 0.44 90 60 1884 59.83 29 1 3130 99.40
150 4 18 0.57 89 51 1935 61.45 28 0 3130 99.40
149 4 22 0.70 88 45 1980 62.88 27 0 3130 99.40
148 5 27 0.86 87 51 2031 64.50 26 1 3131 99.43
147 6 33 1.05 86 40 2071 65.77 25 2 3133 99.49
146 4 37 1.17 85 31 2102 66.75 24 2 3135 99.56
145 7 44 1.40 84 39 2141 67.99 23 1 3136 99.59
144 10 54 1.71 83 44 2185 69.39 22 2 3138 99.65
143 0 54 1.71 82 52 2237 71.04 21 0 3138 99.65
142 6 60 1.91 81 36 2273 72.18 20 1 3139 99.68
141 4 64 2.03 80 46 2319 73.64 19 1 3140 99.71
140 10 74 2.35 79 46 2365 75.10 18 1 3141 99.75
139 10 84 2.67 78 35 2400 76.21 17 0 3141 99.75
138 10 94 2.99 77 40 2440 77.48 16 1 3142 99.78
137 16 110 3.49 76 38 2478 78.69 15 0 3142 99.78
136 10 120 3.81 75 37 2515 79.87 14 1 3143 99.81
135 11 131 4.16 74 29 2544 80.79 13 0 3143 99.81
134 12 143 4.54 73 33 2577 81.84 12 1 3144 99.84
133 17 160 5.08 72 21 2598 82.50 11 1 3145 99.87
132 18 178 5.65 71 29 2627 83.42 10 0 3145 99.87
131 20 198 6.29 70 30 2657 84.38 10未満 4 3149 100.00
130 16 214 6.80 69 22 2679 85.07
129 19 233 7.40 68 29 2708 86.00
128 15 248 7.88 67 26 2734 86.82
127 23 271 8.61 66 29 2763 87.74
126 25 296 9.40 65 26 2789 88.57
125 26 322 10.23 64 24 2813 89.33
124 35 357 11.34 63 21 2834 90.00
123 36 393 12.48 62 20 2854 90.63
122 31 424 13.46 61 28 2882 91.52
121 32 456 14.48 60 22 2904 92.22
120 19 475 15.08 59 20 2924 92.85
119 48 523 16.61 58 10 2934 93.17
118 30 553 17.56 57 10 2944 93.49
117 42 595 18.89 56 20 2964 94.13
116 38 633 20.10 55 23 2987 94.86
115 29 662 21.02 54 14 3001 95.30
114 35 697 22.13 53 9 3010 95.59
113 41 738 23.44 52 3 3013 95.68
112 57 795 25.25 51 5 3018 95.84
111 45 840 26.68 50 14 3032 96.28
110 42 882 28.01 49 15 3047 96.76
109 32 914 29.03 48 8 3055 97.01
（注）累計割合(％)は、短答式試験の合格に必要な成績を得た者に対する人員累計（人）の割合である。

--- Page 14 ---
令和５年司法試験論文式試験得点別人員調（選択科目）
倒産法 租税法 経済法 知的財産法
得点 人員(人) 人員累計(人)累計割合(％) 得点 人員(人) 人員累計(人)累計割合(％) 得点 人員(人) 人員累計(人)累計割合(％) 得点 人員(人) 人員累計(人)累計割合(％)
84 0 0 0.00 84 0 0 0.00 84 0 0 0.00 84 1 1 0.21
83 0 0 0.00 83 0 0 0.00 83 0 0 0.00 83 0 1 0.21
82 0 0 0.00 82 0 0 0.00 82 0 0 0.00 82 0 1 0.21
81 0 0 0.00 81 1 1 0.57 81 0 0 0.00 81 0 1 0.21
80 0 0 0.00 80 0 1 0.57 80 0 0 0.00 80 1 2 0.41
79 0 0 0.00 79 0 1 0.57 79 0 0 0.00 79 1 3 0.62
78 0 0 0.00 78 0 1 0.57 78 0 0 0.00 78 1 4 0.83
77 0 0 0.00 77 0 1 0.57 77 0 0 0.00 77 2 6 1.24
76 1 1 0.20 76 0 1 0.57 76 0 0 0.00 76 0 6 1.24
75 0 1 0.20 75 0 1 0.57 75 0 0 0.00 75 1 7 1.45
74 1 2 0.40 74 0 1 0.57 74 0 0 0.00 74 2 9 1.86
73 0 2 0.40 73 0 1 0.57 73 0 0 0.00 73 1 10 2.07
72 0 2 0.40 72 1 2 1.14 72 2 2 0.31 72 0 10 2.07
71 2 4 0.80 71 0 2 1.14 71 1 3 0.47 71 3 13 2.69
70 4 8 1.60 70 0 2 1.14 70 2 5 0.79 70 4 17 3.51
69 6 14 2.79 69 2 4 2.29 69 3 8 1.26 69 7 24 4.96
68 4 18 3.59 68 2 6 3.43 68 4 12 1.89 68 3 27 5.58
67 10 28 5.59 67 3 9 5.14 67 3 15 2.36 67 5 32 6.61
66 1 29 5.79 66 3 12 6.86 66 6 21 3.31 66 2 34 7.02
65 8 37 7.39 65 0 12 6.86 65 10 31 4.88 65 6 40 8.26
64 8 45 8.98 64 2 14 8.00 64 8 39 6.14 64 7 47 9.71
63 5 50 9.98 63 6 20 11.43 63 12 51 8.03 63 6 53 10.95
62 12 62 12.38 62 3 23 13.14 62 9 60 9.45 62 5 58 11.98
61 13 75 14.97 61 4 27 15.43 61 12 72 11.34 61 8 66 13.64
60 2 77 15.37 60 4 31 17.71 60 9 81 12.76 60 7 73 15.08
59 15 92 18.36 59 4 35 20.00 59 14 95 14.96 59 13 86 17.77
58 12 104 20.76 58 2 37 21.14 58 14 109 17.17 58 7 93 19.21
57 9 113 22.55 57 1 38 21.71 57 28 137 21.57 57 13 106 21.90
56 13 126 25.15 56 6 44 25.14 56 26 163 25.67 56 7 113 23.35
55 15 141 28.14 55 5 49 28.00 55 18 181 28.50 55 11 124 25.62
54 18 159 31.74 54 7 56 32.00 54 16 197 31.02 54 11 135 27.89
53 19 178 35.53 53 2 58 33.14 53 19 216 34.02 53 15 150 30.99
52 18 196 39.12 52 7 65 37.14 52 20 236 37.17 52 19 169 34.92
51 15 211 42.12 51 2 67 38.29 51 20 256 40.31 51 12 181 37.40
50 12 223 44.51 50 5 72 41.14 50 31 287 45.20 50 10 191 39.46
49 15 238 47.50 49 3 75 42.86 49 26 313 49.29 49 9 200 41.32
48 22 260 51.90 48 5 80 45.71 48 31 344 54.17 48 17 217 44.83
47 13 273 54.49 47 4 84 48.00 47 27 371 58.43 47 11 228 47.11
46 11 284 56.69 46 3 87 49.71 46 16 387 60.94 46 17 245 50.62
45 18 302 60.28 45 9 96 54.86 45 27 414 65.20 45 18 263 54.34
44 12 314 62.67 44 11 107 61.14 44 12 426 67.09 44 17 280 57.85
43 9 323 64.47 43 5 112 64.00 43 20 446 70.24 43 15 295 60.95
42 16 339 67.66 42 4 116 66.29 42 18 464 73.07 42 29 324 66.94
41 10 349 69.66 41 8 124 70.86 41 15 479 75.43 41 17 341 70.45
40 16 365 72.85 40 4 128 73.14 40 13 492 77.48 40 11 352 72.73
39 13 378 75.45 39 4 132 75.43 39 11 503 79.21 39 20 372 76.86
38 11 389 77.64 38 8 140 80.00 38 5 508 80.00 38 16 388 80.17
37 8 397 79.24 37 5 145 82.86 37 7 515 81.10 37 6 394 81.40
36 10 407 81.24 36 3 148 84.57 36 13 528 83.15 36 13 407 84.09
35 15 422 84.23 35 6 154 88.00 35 13 541 85.20 35 10 417 86.16
34 8 430 85.83 34 1 155 88.57 34 12 553 87.09 34 7 424 87.60
33 11 441 88.02 33 2 157 89.71 33 8 561 88.35 33 8 432 89.26
32 7 448 89.42 32 1 158 90.29 32 12 573 90.24 32 11 443 91.53
31 5 453 90.42 31 3 161 92.00 31 4 577 90.87 31 6 449 92.77
30 8 461 92.02 30 1 162 92.57 30 2 579 91.18 30 4 453 93.60
29 3 464 92.61 29 1 163 93.14 29 5 584 91.97 29 8 461 95.25
28 5 469 93.61 28 2 165 94.29 28 6 590 92.91 28 6 467 96.49
27 4 473 94.41 27 0 165 94.29 27 6 596 93.86 27 4 471 97.31
26 6 479 95.61 26 3 168 96.00 26 4 600 94.49 26 4 475 98.14
25 2 481 96.01 25 2 170 97.14 25 3 603 94.96 25 0 475 98.14
24 0 481 96.01 24 0 170 97.14 24 4 607 95.59 24 0 475 98.14
23 3 484 96.61 23 0 170 97.14 23 4 611 96.22 23 1 476 98.35
22 3 487 97.21 22 2 172 98.29 22 2 613 96.54 22 1 477 98.55
21 0 487 97.21 21 1 173 98.86 21 2 615 96.85 21 2 479 98.97
20 4 491 98.00 20 1 174 99.43 20 2 617 97.17 20 3 482 99.59
20未満 10 501 100.00 20未満 1 175 100.00 20未満 18 635 100.00 20未満 2 484 100.00
（注） 累計割合(％)は、短答式試験の合格に必要な成績を得た者に対する人員累計（人）の割合である。

--- Page 15 ---
労働法 環境法 国際関係法（公法系） 国際関係法（私法系）
得点 人員(人) 人員累計(人)累計割合(％) 得点 人員(人) 人員累計(人)累計割合(％) 得点 人員(人) 人員累計(人)累計割合(％) 得点 人員(人) 人員累計(人)累計割合(％)
84 0 0 0.00 84 0 0 0.00 84 0 0 0.00 84 0 0 0.00
83 0 0 0.00 83 0 0 0.00 83 0 0 0.00 83 0 0 0.00
82 0 0 0.00 82 0 0 0.00 82 0 0 0.00 82 0 0 0.00
81 1 1 0.11 81 0 0 0.00 81 0 0 0.00 81 0 0 0.00
80 0 1 0.11 80 0 0 0.00 80 0 0 0.00 80 0 0 0.00
79 0 1 0.11 79 0 0 0.00 79 0 0 0.00 79 0 0 0.00
78 1 2 0.21 78 1 1 1.18 78 0 0 0.00 78 0 0 0.00
77 1 3 0.32 77 0 1 1.18 77 0 0 0.00 77 0 0 0.00
76 1 4 0.43 76 0 1 1.18 76 0 0 0.00 76 0 0 0.00
75 0 4 0.43 75 0 1 1.18 75 1 1 2.38 75 0 0 0.00
74 0 4 0.43 74 0 1 1.18 74 1 2 4.76 74 0 0 0.00
73 3 7 0.75 73 0 1 1.18 73 1 3 7.14 73 0 0 0.00
72 3 10 1.07 72 1 2 2.35 72 0 3 7.14 72 0 0 0.00
71 2 12 1.28 71 0 2 2.35 71 0 3 7.14 71 0 0 0.00
70 6 18 1.93 70 0 2 2.35 70 0 3 7.14 70 1 1 0.34
69 4 22 2.35 69 1 3 3.53 69 1 4 9.52 69 4 5 1.71
68 7 29 3.10 68 0 3 3.53 68 0 4 9.52 68 0 5 1.71
67 6 35 3.74 67 2 5 5.88 67 1 5 11.90 67 0 5 1.71
66 8 43 4.60 66 0 5 5.88 66 0 5 11.90 66 10 15 5.14
65 17 60 6.42 65 1 6 7.06 65 0 5 11.90 65 2 17 5.82
64 13 73 7.81 64 2 8 9.41 64 1 6 14.29 64 3 20 6.85
63 18 91 9.73 63 1 9 10.59 63 1 7 16.67 63 4 24 8.22
62 25 116 12.41 62 0 9 10.59 62 0 7 16.67 62 6 30 10.27
61 11 127 13.58 61 3 12 14.12 61 1 8 19.05 61 3 33 11.30
60 28 155 16.58 60 2 14 16.47 60 0 8 19.05 60 7 40 13.70
59 21 176 18.82 59 0 14 16.47 59 0 8 19.05 59 8 48 16.44
58 28 204 21.82 58 0 14 16.47 58 2 10 23.81 58 13 61 20.89
57 23 227 24.28 57 2 16 18.82 57 0 10 23.81 57 5 66 22.60
56 22 249 26.63 56 2 18 21.18 56 0 10 23.81 56 15 81 27.74
55 26 275 29.41 55 0 18 21.18 55 1 11 26.19 55 9 90 30.82
54 19 294 31.44 54 3 21 24.71 54 2 13 30.95 54 8 98 33.56
53 36 330 35.29 53 1 22 25.88 53 0 13 30.95 53 8 106 36.30
52 35 365 39.04 52 1 23 27.06 52 0 13 30.95 52 8 114 39.04
51 31 396 42.35 51 3 26 30.59 51 0 13 30.95 51 6 120 41.10
50 33 429 45.88 50 7 33 38.82 50 0 13 30.95 50 10 130 44.52
49 24 453 48.45 49 4 37 43.53 49 3 16 38.10 49 7 137 46.92
48 27 480 51.34 48 4 41 48.24 48 4 20 47.62 48 10 147 50.34
47 25 505 54.01 47 1 42 49.41 47 1 21 50.00 47 10 157 53.77
46 25 530 56.68 46 3 45 52.94 46 1 22 52.38 46 10 167 57.19
45 28 558 59.68 45 2 47 55.29 45 0 22 52.38 45 7 174 59.59
44 23 581 62.14 44 2 49 57.65 44 1 23 54.76 44 17 191 65.41
43 19 600 64.17 43 1 50 58.82 43 1 24 57.14 43 9 200 68.49
42 30 630 67.38 42 4 54 63.53 42 1 25 59.52 42 5 205 70.21
41 21 651 69.63 41 4 58 68.24 41 1 26 61.90 41 6 211 72.26
40 29 680 72.73 40 2 60 70.59 40 2 28 66.67 40 6 217 74.32
39 21 701 74.97 39 4 64 75.29 39 2 30 71.43 39 5 222 76.03
38 18 719 76.90 38 4 68 80.00 38 1 31 73.81 38 7 229 78.42
37 21 740 79.14 37 1 69 81.18 37 2 33 78.57 37 5 234 80.14
36 13 753 80.53 36 5 74 87.06 36 2 35 83.33 36 8 242 82.88
35 17 770 82.35 35 5 79 92.94 35 2 37 88.10 35 8 250 85.62
34 23 793 84.81 34 1 80 94.12 34 0 37 88.10 34 5 255 87.33
33 17 810 86.63 33 1 81 95.29 33 0 37 88.10 33 2 257 88.01
32 15 825 88.24 32 1 82 96.47 32 1 38 90.48 32 4 261 89.38
31 12 837 89.52 31 0 82 96.47 31 0 38 90.48 31 3 264 90.41
30 18 855 91.44 30 1 83 97.65 30 0 38 90.48 30 5 269 92.12
29 12 867 92.73 29 0 83 97.65 29 0 38 90.48 29 2 271 92.81
28 14 881 94.22 28 1 84 98.82 28 0 38 90.48 28 2 273 93.49
27 9 890 95.19 27 0 84 98.82 27 1 39 92.86 27 4 277 94.86
26 4 894 95.61 26 0 84 98.82 26 1 40 95.24 26 2 279 95.55
25 11 905 96.79 25 1 85 100.00 25 0 40 95.24 25 3 282 96.58
24 5 910 97.33 24 0 85 100.00 24 1 41 97.62 24 1 283 96.92
23 4 914 97.75 23 0 85 100.00 23 0 41 97.62 23 1 284 97.26
22 3 917 98.07 22 0 85 100.00 22 0 41 97.62 22 1 285 97.60
21 3 920 98.40 21 0 85 100.00 21 0 41 97.62 21 1 286 97.95
20 2 922 98.61 20 0 85 100.00 20 1 42 100.00 20 1 287 98.29
20未満 13 935 100.00 20未満 0 85 100.00 20未満 0 42 100.00 20未満 5 292 100.00