--- Page 1 ---
令和６年司法試験短答式試験得点別人員調（合計得点）
得点 人員 累計 累計割合 得点 人員 累計 累計割合 得点 人員 累計 累計割合 得点 人員 累計 累計割合
166 1 1 0.03% 131 49 813 21.70% 96 49 2,898 77.36% 61 8 3,705 98.91%
165 1 2 0.05% 130 51 864 23.06% 95 43 2,941 78.51% 60 6 3,711 99.07%
164 0 2 0.05% 129 45 909 24.27% 94 44 2,985 79.68% 59 4 3,715 99.17%
163 3 5 0.13% 128 66 975 26.03% 93 42 3,027 80.81% 58 3 3,718 99.25%
162 1 6 0.16% 127 70 1,045 27.90% 92 50 3,077 82.14% 57 3 3,721 99.33%
161 1 7 0.19% 126 56 1,101 29.39% 91 37 3,114 83.13% 56 5 3,726 99.47%
160 2 9 0.24% 125 57 1,158 30.91% 90 36 3,150 84.09% 55 4 3,730 99.57%
159 6 15 0.40% 124 63 1,221 32.59% 89 28 3,178 84.84% 54 1 3,731 99.60%
158 4 19 0.51% 123 44 1,265 33.77% 88 41 3,219 85.93% 53 2 3,733 99.65%
157 6 25 0.67% 122 61 1,326 35.40% 87 34 3,253 86.84% 52 0 3,733 99.65%
156 4 29 0.77% 121 62 1,388 37.05% 86 33 3,286 87.72% 51 1 3,734 99.68%
155 8 37 0.99% 120 73 1,461 39.00% 85 33 3,319 88.60% 50 4 3,738 99.79%
154 7 44 1.17% 119 71 1,532 40.90% 84 23 3,342 89.22% 49 1 3,739 99.81%
153 15 59 1.58% 118 71 1,603 42.79% 83 33 3,375 90.10% 48 2 3,741 99.87%
152 13 72 1.92% 117 59 1,662 44.37% 82 20 3,395 90.63% 47 1 3,742 99.89%
151 14 86 2.30% 116 81 1,743 46.53% 81 24 3,419 91.27% 46 0 3,742 99.89%
150 13 99 2.64% 115 71 1,814 48.42% 80 13 3,432 91.62% 45 0 3,742 99.89%
149 18 117 3.12% 114 63 1,877 50.11% 79 19 3,451 92.12% 44 1 3,743 99.92%
148 19 136 3.63% 113 69 1,946 51.95% 78 18 3,469 92.61% 43 0 3,743 99.92%
147 25 161 4.30% 112 69 2,015 53.79% 77 15 3,484 93.01% 42 0 3,743 99.92%
146 24 185 4.94% 111 70 2,085 55.66% 76 22 3,506 93.59% 41 0 3,743 99.92%
145 21 206 5.50% 110 61 2,146 57.29% 75 14 3,520 93.97% 40 0 3,743 99.92%
144 34 240 6.41% 109 55 2,201 58.76% 74 12 3,532 94.29% 39 0 3,743 99.92%
143 44 284 7.58% 108 68 2,269 60.57% 73 18 3,550 94.77% 38 0 3,743 99.92%
142 28 312 8.33% 107 57 2,326 62.09% 72 27 3,577 95.49% 37 1 3,744 99.95%
141 37 349 9.32% 106 48 2,374 63.37% 71 21 3,598 96.05% 36 0 3,744 99.95%
140 37 386 10.30% 105 62 2,436 65.03% 70 18 3,616 96.53% 35 0 3,744 99.95%
139 37 423 11.29% 104 64 2,500 66.74% 69 10 3,626 96.80% 34 0 3,744 99.95%
138 45 468 12.49% 103 57 2,557 68.26% 68 13 3,639 97.14% 33 1 3,745 99.97%
137 57 525 14.01% 102 53 2,610 69.67% 67 11 3,650 97.44% 32 1 3,746 100.00%
136 48 573 15.30% 101 50 2,660 71.01% 66 9 3,659 97.68%
135 39 612 16.34% 100 45 2,705 72.21% 65 15 3,674 98.08%
134 50 662 17.67% 99 51 2,756 73.57% 64 6 3,680 98.24%
133 46 708 18.90% 98 40 2,796 74.64% 63 9 3,689 98.48%
132 56 764 20.40% 97 53 2,849 76.05% 62 8 3,697 98.69%