--- Page 1 ---
令和５年司法試験（短答式試験）の結果
令 和５年 ８月３ 日
法務省大臣官房人事課
１ 受験者数等
(1) 受験者数 ３，９２８人（途中欠席３１人）
(2) 採点対象者数 ３，８９７人
２ 短答式試験の合格に必要な成績
(1) 成績判定
短答式試験の各科目において、満点の４０％点（憲法２０点、民法３０点、刑法２０点）
以上の成績を得た者のうち、各科目の合計得点が９９点以上の成績を得たものは、短答式試
験の合格に必要な成績を得た者とする（令和５年８月２日司法試験委員会決定）。
(2) 合格に必要な成績を得た者
対象者 ３，１４９人
平均点 １２６．１点
３ 短答式試験の得点
最低ライン
得 点 最 高 点 最 低 点 平 均 点
(40%)未満
合 計 得 点
１６７ ４１ １１８．３
（１７５点満点）
憲 法
４８ １３ ３１．４ １０５人
(50点満点)
民 法
科目別得点 ７５ １０ ４８．７ ３３１人
(75点満点)
刑 法
５０ １１ ３８．２ ２８人
(50点満点)
４ 参考
(1) 合格に必要な成績を得た者の年齢別構成（本年１２月末現在）
ア 平均年齢 ２９．１歳
イ 最高年齢 ７２歳
ウ 最低年齢 １９歳
(2) 合格に必要な成績を得た者の性別構成
ア 男 性 ２，１７３人（６９．０１％）
イ 女 性 ９７６人（３０．９９％）

--- Page 2 ---
令和５年司法試験短答式試験得点別人員調（各科目最低ライン４０％点以上）
得点 人員 累計 累計割合 得点 人員 累計 累計割合 得点 人員 累計 累計割合
167 1 1 0.03% 132 61 1,176 33.52% 97 30 3,206 91.39%
166 1 2 0.06% 131 58 1,234 35.18% 96 33 3,239 92.33%
165 5 7 0.20% 130 64 1,298 37.00% 95 37 3,276 93.39%
164 1 8 0.23% 129 73 1,371 39.08% 94 19 3,295 93.93%
163 4 12 0.34% 128 53 1,424 40.59% 93 37 3,332 94.98%
162 1 13 0.37% 127 55 1,479 42.16% 92 18 3,350 95.50%
161 7 20 0.57% 126 73 1,552 44.24% 91 21 3,371 96.09%
160 2 22 0.63% 125 72 1,624 46.29% 90 18 3,389 96.61%
159 14 36 1.03% 124 74 1,698 48.40% 89 25 3,414 97.32%
158 8 44 1.25% 123 74 1,772 50.51% 88 14 3,428 97.72%
157 15 59 1.68% 122 65 1,837 52.37% 87 18 3,446 98.23%
156 9 68 1.94% 121 69 1,906 54.33% 86 7 3,453 98.43%
155 21 89 2.54% 120 87 1,993 56.81% 85 12 3,465 98.77%
154 14 103 2.94% 119 70 2,063 58.81% 84 10 3,475 99.06%
153 14 117 3.34% 118 68 2,131 60.75% 83 7 3,482 99.26%
152 21 138 3.93% 117 57 2,188 62.37% 82 9 3,491 99.52%
151 51 189 5.39% 116 64 2,252 64.20% 81 3 3,494 99.60%
150 29 218 6.21% 115 73 2,325 66.28% 80 4 3,498 99.71%
149 47 265 7.55% 114 75 2,400 68.42% 79 2 3,500 99.77%
148 29 294 8.38% 113 62 2,462 70.18% 78 2 3,502 99.83%
147 40 334 9.52% 112 59 2,521 71.86% 77 3 3,505 99.91%
146 39 373 10.63% 111 52 2,573 73.35% 76 1 3,506 99.94%
145 55 428 12.20% 110 63 2,636 75.14% 75 1 3,507 99.97%
144 55 483 13.77% 109 49 2,685 76.54% 74 0 3,507 99.97%
143 64 547 15.59% 108 52 2,737 78.02% 73 1 3,508 100.00%
142 42 589 16.79% 107 56 2,793 79.62%
141 51 640 18.24% 106 45 2,838 80.90%
140 59 699 19.93% 105 51 2,889 82.35%
139 63 762 21.72% 104 54 2,943 83.89%
138 59 821 23.40% 103 49 2,992 85.29%
137 51 872 24.86% 102 47 3,039 86.63%
136 58 930 26.51% 101 42 3,081 87.83%
135 64 994 28.34% 100 38 3,119 88.91%
134 64 1,058 30.16% 99 30 3,149 89.77%
133 57 1,115 31.78% 98 27 3,176 90.54%

--- Page 3 ---
令和５年司法試験短答式試験法科大学院等別人員調
※括弧内の数値は、在学中受験資格に基づいて受験した者の内数を示す。
短答式試験の合格に
出願者 受験予定者 受験者
必要な成績を得た者
愛知大法科大学院 6 (0) 6 (0) 6 (0) 5 (0)
青山学院大法科大学院 11 (0) 11 (0) 10 (0) 4 (0)
大阪公立大法科大学院 33 (8) 33 (8) 31 (8) 22 (6)
大阪大法科大学院 189 (54) 189 (54) 182 (53) 149 (47)
岡山大法科大学院 33 (10) 33 (10) 33 (10) 27 (9)
学習院大法科大学院 46 (8) 46 (8) 43 (6) 29 (5)
神奈川大法科大学院 1 (0) 1 (0) 1 (0) 0 (0)
金沢大法科大学院 15 (1) 15 (1) 13 (0) 8 (0)
関西大法科大学院 60 (6) 60 (6) 55 (5) 37 (5)
関西学院大法科大学院 37 (0) 37 (0) 31 (0) 21 (0)
関東学院大法科大学院 0 (0) 0 (0) 0 (0) 0 (0)
九州大法科大学院 102 (24) 102 (24) 94 (23) 68 (19)
京都産業大法科大学院 1 (0) 1 (0) 1 (0) 1 (0)
京都大法科大学院 287 (123) 287 (123) 275 (118) 245 (109)
近畿大法科大学院 7 (0) 7 (0) 7 (0) 5 (0)
熊本大法科大学院 3 (0) 3 (0) 3 (0) 2 (0)
慶應義塾大法科大学院 321 (133) 321 (133) 310 (133) 275 (120)
甲南大法科大学院 27 (1) 27 (1) 22 (1) 14 (1)
神戸大法科大学院 159 (49) 159 (49) 146 (48) 111 (39)
駒澤大法科大学院 28 (3) 28 (3) 27 (3) 15 (1)
静岡大法科大学院 2 (0) 2 (0) 1 (0) 0 (0)
島根大法科大学院 1 (0) 1 (0) 1 (0) 0 (0)
上智大法科大学院 51 (10) 51 (10) 48 (10) 34 (8)
成蹊大法科大学院 4 (0) 4 (0) 3 (0) 2 (0)
西南学院大法科大学院 7 (0) 7 (0) 6 (0) 3 (0)
専修大法科大学院 40 (7) 40 (7) 35 (7) 32 (7)
創価大法科大学院 40 (11) 40 (11) 37 (11) 25 (8)
大東文化大法科大学院 5 (0) 5 (0) 5 (0) 1 (0)
千葉大法科大学院 69 (5) 69 (5) 63 (4) 40 (3)
中央大法科大学院 240 (77) 240 (77) 229 (76) 170 (64)
中京大法科大学院 2 (0) 2 (0) 2 (0) 1 (0)
筑波大法科大学院 55 (10) 55 (10) 51 (9) 38 (8)
桐蔭横浜大法科大学院 15 (0) 15 (0) 13 (0) 5 (0)
東京大法科大学院 340 (138) 340 (138) 315 (133) 274 (120)
東京都立大法科大学院 81 (20) 81 (20) 75 (18) 53 (12)
同志社大法科大学院 95 (23) 95 (23) 87 (21) 69 (19)
東北大法科大学院 85 (24) 85 (24) 82 (23) 61 (21)
名古屋大法科大学院 98 (33) 98 (33) 89 (31) 71 (27)
南山大法科大学院 19 (1) 19 (1) 19 (1) 15 (1)
日本大法科大学院 100 (26) 100 (26) 86 (21) 61 (17)
一橋大法科大学院 188 (77) 188 (77) 180 (72) 160 (65)
広島大法科大学院 25 (6) 25 (6) 22 (5) 16 (2)
福岡大法科大学院 23 (2) 23 (2) 21 (2) 16 (2)
法政大法科大学院 64 (8) 64 (8) 60 (7) 45 (6)
北海学園大法科大学院 3 (0) 3 (0) 3 (0) 2 (0)
北海道大法科大学院 79 (29) 79 (29) 74 (27) 53 (22)
明治大法科大学院 116 (19) 116 (19) 106 (19) 78 (16)
名城大法科大学院 6 (0) 6 (0) 6 (0) 1 (0)
横浜国立大法科大学院 19 (0) 19 (0) 18 (0) 11 (0)
立教大法科大学院 16 (0) 16 (0) 15 (0) 6 (0)
立命館大法科大学院 114 (16) 114 (16) 110 (15) 66 (7)
琉球大法科大学院 38 (4) 38 (4) 34 (4) 24 (3)
早稲田大法科大学院 401 (148) 401 (148) 389 (146) 326 (134)
法科大学院合計 3,807 (1,114) 3,807 (1,114) 3,575 (1,070) 2,797 (933)
予備試験合格者 358 358 353 352
総 計 4,165 4,165 3,928 3,149