--- Page 1 ---
令和６年司法試験法科大学院等別合格者数等
短答式試験の合格に
出願者数 受験予定者数 受験者数 最終合格者数 合格率
必要な成績を得た者
修了者 在学中 修了者 在学中 修了者 在学中 修了者 在学中 修了者 在学中 修了者 在学中
愛知大法科大学院 9 6 3 9 6 3 9 6 3 7 4 3 5 3 2 55.56% 50.00% 66.67%
青山学院大法科大学院 5 5 0 5 5 0 5 5 0 3 3 0 0 0 0 0.00% 0.00% -
大阪公立大法科大学院 40 25 15 40 25 15 36 21 15 26 17 9 9 7 2 25.00% 33.33% 13.33%
大阪大法科大学院 185 116 69 185 116 69 177 110 67 144 84 60 72 35 37 40.68% 31.82% 55.22%
岡山大法科大学院 26 14 12 26 14 12 25 14 11 16 8 8 5 2 3 20.00% 14.29% 27.27%
学習院大法科大学院 37 30 7 37 30 7 36 29 7 24 19 5 4 3 1 11.11% 10.34% 14.29%
金沢大法科大学院 16 12 4 16 12 4 16 12 4 9 7 2 4 3 1 25.00% 25.00% 25.00%
関西大法科大学院 74 69 5 74 69 5 70 66 4 51 47 4 15 13 2 21.43% 19.70% 50.00%
関西学院大法科大学院 44 42 2 44 42 2 41 39 2 35 33 2 10 9 1 24.39% 23.08% 50.00%
九州大法科大学院 112 72 40 111 72 39 107 69 38 79 52 27 37 23 14 34.58% 33.33% 36.84%
京都産業大法科大学院 0 0 0 0 0 0 0 0 0 0 0 0 0 0 0 - - -
京都大法科大学院 227 104 123 227 104 123 217 95 122 172 61 111 107 25 82 49.31% 26.32% 67.21%
近畿大法科大学院 5 5 0 5 5 0 5 5 0 3 3 0 1 1 0 20.00% 20.00% -
慶應義塾大法科大学院 263 115 148 262 115 147 246 103 143 214 82 132 146 43 103 59.35% 41.75% 72.03%
甲南大法科大学院 19 19 0 19 19 0 18 18 0 14 14 0 1 1 0 5.56% 5.56% -
神戸大法科大学院 150 89 61 150 89 61 136 77 59 107 56 51 51 20 31 37.50% 25.97% 52.54%
駒澤大法科大学院 34 30 4 34 30 4 32 28 4 15 13 2 2 1 1 6.25% 3.57% 25.00%
上智大法科大学院 50 40 10 50 40 10 44 34 10 33 26 7 12 5 7 27.27% 14.71% 70.00%
成蹊大法科大学院 2 2 0 2 2 0 1 1 0 1 1 0 0 0 0 0.00% 0.00% -
西南学院大法科大学院 5 5 0 5 5 0 5 5 0 2 2 0 0 0 0 0.00% 0.00% -
専修大法科大学院 37 29 8 37 29 8 33 25 8 28 21 7 9 6 3 27.27% 24.00% 37.50%
創価大法科大学院 37 19 18 37 19 18 34 18 16 26 13 13 6 2 4 17.65% 11.11% 25.00%
大東文化大法科大学院 3 3 0 3 3 0 1 1 0 0 0 0 0 0 0 0.00% 0.00% -
千葉大法科大学院 55 50 5 55 50 5 52 47 5 34 32 2 11 11 0 21.15% 23.40% 0.00%
中央大法科大学院 189 108 81 189 108 81 181 100 81 148 73 75 83 31 52 45.86% 31.00% 64.20%
筑波大法科大学院 67 51 16 67 51 16 60 46 14 41 32 9 14 9 5 23.33% 19.57% 35.71%
桐蔭横浜大法科大学院 9 9 0 9 9 0 8 8 0 1 1 0 1 1 0 12.50% 12.50% -
東京大法科大学院 272 139 133 272 139 133 255 127 128 201 83 118 121 33 88 47.45% 25.98% 68.75%
東京都立大法科大学院 101 63 38 101 63 38 92 57 35 64 39 25 10 4 6 10.87% 7.02% 17.14%
同志社大法科大学院 117 70 47 117 70 47 111 65 46 83 47 36 41 23 18 36.94% 35.38% 39.13%
東北大法科大学院 104 68 36 104 68 36 95 61 34 70 41 29 21 7 14 22.11% 11.48% 41.18%
名古屋大法科大学院 109 61 48 109 61 48 103 56 47 74 37 37 32 11 21 31.07% 19.64% 44.68%
南山大法科大学院 19 15 4 19 15 4 18 14 4 15 12 3 5 3 2 27.78% 21.43% 50.00%
日本大法科大学院 114 81 33 114 81 33 100 74 26 78 55 23 19 8 11 19.00% 10.81% 42.31%
一橋大法科大学院 133 57 76 133 57 76 123 51 72 102 40 62 60 13 47 48.78% 25.49% 65.28%
広島大法科大学院 36 31 5 36 31 5 34 29 5 18 15 3 9 6 3 26.47% 20.69% 60.00%
福岡大法科大学院 27 25 2 27 25 2 23 21 2 11 9 2 4 2 2 17.39% 9.52% 100.00%
法政大法科大学院 68 57 11 68 57 11 58 50 8 38 32 6 7 7 0 12.07% 14.00% 0.00%
北海学園大法科大学院 4 4 0 4 4 0 2 2 0 1 1 0 0 0 0 0.00% 0.00% -
北海道大法科大学院 72 45 27 72 45 27 65 40 25 43 23 20 17 6 11 26.15% 15.00% 44.00%
明治大法科大学院 118 99 19 118 99 19 115 96 19 68 55 13 25 18 7 21.74% 18.75% 36.84%
名城大法科大学院 4 4 0 4 4 0 3 3 0 0 0 0 0 0 0 0.00% 0.00% -
横浜国立大法科大学院 15 15 0 15 15 0 13 13 0 5 5 0 2 2 0 15.38% 15.38% -
立教大法科大学院 10 10 0 10 10 0 8 8 0 4 4 0 0 0 0 0.00% 0.00% -
立命館大法科大学院 141 108 33 141 108 33 132 100 32 91 64 27 29 14 15 21.97% 14.00% 46.88%
琉球大法科大学院 39 33 6 39 33 6 29 24 5 20 17 3 5 4 1 17.24% 16.67% 20.00%
早稲田大法科大学院 347 213 134 347 213 134 330 199 131 267 149 118 139 56 83 42.12% 28.14% 63.36%
法科大学院合計 3,550 2,267 1,283 3,548 2,267 1,281 3,304 2,072 1,232 2,486 1,432 1,054 1,151 471 680 34.84% 22.73% 55.19%
予備試験合格者 478 478 475 472 441 92.84%
総 計 4,028 4,026 3,779 2,958 1,592 42.13%
（注） 受験者数には、途中欠席者を含む。

--- Page 2 ---
令和６年司法試験法科大学院別人員調（既修・未修別）
法科大学院課程修了資格 在学中受験資格
法科大学院名 受験者数 合格者数 受験者数 合格者数
既修 未修 既修 未修 既修 未修 既修 未修
愛知大法科大学院 6 1 5 3 1 2 3 1 2 2 0 2
青山学院大法科大学院 5 1 4 0 0 0 0 0 0 0 0 0
大阪公立大法科大学院 21 8 13 7 3 4 15 9 6 2 1 1
大阪大法科大学院 110 76 34 35 27 8 67 50 17 37 31 6
岡山大法科大学院 14 3 11 2 1 1 11 5 6 3 3 0
学習院大法科大学院 29 20 9 3 3 0 7 6 1 1 1 0
金沢大法科大学院 12 5 7 3 2 1 4 2 2 1 0 1
関西大法科大学院 66 48 18 13 10 3 4 3 1 2 1 1
関西学院大法科大学院 39 20 19 9 7 2 2 1 1 1 1 0
九州大法科大学院 69 42 27 23 18 5 38 24 14 14 10 4
京都産業大法科大学院 0 0 0 0 0 0 0 0 0 0 0 0
京都大法科大学院 95 51 44 25 21 4 122 108 14 82 78 4
近畿大法科大学院 5 0 5 1 0 1 0 0 0 0 0 0
慶應義塾大法科大学院 103 72 31 43 34 9 143 126 17 103 98 5
甲南大法科大学院 18 6 12 1 1 0 0 0 0 0 0 0
神戸大法科大学院 77 59 18 20 18 2 59 49 10 31 28 3
駒澤大法科大学院 28 10 18 1 1 0 4 0 4 1 0 1
上智大法科大学院 34 23 11 5 5 0 10 6 4 7 5 2
成蹊大法科大学院 1 0 1 0 0 0 0 0 0 0 0 0
西南学院大法科大学院 5 1 4 0 0 0 0 0 0 0 0 0
専修大法科大学院 25 11 14 6 3 3 8 4 4 3 2 1
創価大法科大学院 18 6 12 2 1 1 16 11 5 4 4 0
大東文化大法科大学院 1 0 1 0 0 0 0 0 0 0 0 0
千葉大法科大学院 47 30 17 11 9 2 5 3 2 0 0 0
中央大法科大学院 100 82 18 31 26 5 81 71 10 52 46 6
筑波大法科大学院 46 10 36 9 2 7 14 6 8 5 4 1
桐蔭横浜大法科大学院 8 1 7 1 0 1 0 0 0 0 0 0
東京大法科大学院 127 48 79 33 22 11 128 95 33 88 77 11
東京都立大法科大学院 57 54 3 4 4 0 35 35 0 6 6 0
同志社大法科大学院 65 56 9 23 20 3 46 41 5 18 16 2
東北大法科大学院 61 47 14 7 7 0 34 29 5 14 12 2
名古屋大法科大学院 56 32 24 11 8 3 47 36 11 21 18 3
南山大法科大学院 14 7 7 3 3 0 4 4 0 2 2 0
日本大法科大学院 74 53 21 8 7 1 26 22 4 11 9 2
一橋大法科大学院 51 32 19 13 9 4 72 56 16 47 44 3
広島大法科大学院 29 15 14 6 5 1 5 4 1 3 3 0
福岡大法科大学院 21 1 20 2 0 2 2 0 2 2 0 2
法政大法科大学院 50 40 10 7 6 1 8 7 1 0 0 0
北海学園大法科大学院 2 1 1 0 0 0 0 0 0 0 0 0
北海道大法科大学院 40 17 23 6 5 1 25 18 7 11 10 1
明治大法科大学院 96 69 27 18 17 1 19 17 2 7 6 1
名城大法科大学院 3 0 3 0 0 0 0 0 0 0 0 0
横浜国立大法科大学院 13 2 11 2 1 1 0 0 0 0 0 0
立教大法科大学院 8 1 7 0 0 0 0 0 0 0 0 0
立命館大法科大学院 100 85 15 14 14 0 32 31 1 15 15 0
琉球大法科大学院 24 5 19 4 1 3 5 1 4 1 1 0
早稲田大法科大学院 199 147 52 56 50 6 131 116 15 83 79 4
総 計 2,072 1,298 774 471 372 99 1,232 997 235 680 611 69
（注） 受験者数には、途中欠席者を含む。

--- Page 3 ---
令和６年司法試験法科大学院別人員調（修了年度・既修・未修別）１/２
受験者数
法科大学院名 令和元年度 令和２年度 令和３年度 令和４年度 令和５年度
計
既修 未修 既修 未修 既修 未修 既修 未修 既修 未修
愛知大法科大学院 6 0 0 0 0 0 1 0 2 1 2
青山学院大法科大学院 5 1 4 0 0 0 0 0 0 0 0
大阪公立大法科大学院 21 0 1 1 2 1 2 1 4 5 4
大阪大法科大学院 110 3 2 13 4 9 7 11 14 40 7
岡山大法科大学院 14 0 1 0 2 0 4 1 2 2 2
学習院大法科大学院 29 3 1 5 0 3 4 3 1 6 3
金沢大法科大学院 12 0 1 0 1 1 3 2 1 2 1
関西大法科大学院 66 4 2 10 2 7 3 5 7 22 4
関西学院大法科大学院 39 2 2 0 2 3 1 2 6 13 8
九州大法科大学院 69 3 2 11 10 3 3 9 9 16 3
京都産業大法科大学院 0 0 0 0 0 0 0 0 0 0 0
京都大法科大学院 95 4 5 1 5 3 9 20 5 23 20
近畿大法科大学院 5 0 1 0 4 0 0 0 0 0 0
慶應義塾大法科大学院 103 5 3 9 5 8 5 19 9 31 9
甲南大法科大学院 18 0 1 5 2 1 4 0 3 0 2
神戸大法科大学院 77 5 0 4 3 8 6 14 3 28 6
駒澤大法科大学院 28 3 3 1 4 1 3 2 2 3 6
上智大法科大学院 34 6 0 3 2 6 5 2 3 6 1
成蹊大法科大学院 1 0 0 0 1 0 0 0 0 0 0
西南学院大法科大学院 5 1 2 0 1 0 1 0 0 0 0
専修大法科大学院 25 1 2 0 2 1 3 2 3 7 4
創価大法科大学院 18 0 1 0 3 2 2 2 3 2 3
大東文化大法科大学院 1 0 1 0 0 0 0 0 0 0 0
千葉大法科大学院 47 2 0 7 4 6 3 5 6 10 4
中央大法科大学院 100 6 5 18 2 15 3 16 3 27 5
筑波大法科大学院 46 0 2 1 3 3 8 1 7 5 16
桐蔭横浜大法科大学院 8 1 3 0 4 0 0 0 0 0 0
東京大法科大学院 127 1 5 3 15 10 12 7 20 27 27
東京都立大法科大学院 57 8 0 8 1 17 1 5 0 16 1
同志社大法科大学院 65 5 3 5 2 6 0 9 1 31 3
東北大法科大学院 61 0 0 3 3 3 2 16 7 25 2
名古屋大法科大学院 56 0 3 3 6 7 8 4 2 18 5
南山大法科大学院 14 1 0 0 1 2 3 3 2 1 1
日本大法科大学院 74 4 2 7 1 9 4 10 7 23 7
一橋大法科大学院 51 1 3 5 3 3 3 17 1 6 9
広島大法科大学院 29 4 1 1 0 1 0 1 2 8 11
福岡大法科大学院 21 0 1 1 4 0 2 0 6 0 7
法政大法科大学院 50 2 0 5 4 5 2 9 0 19 4
北海学園大法科大学院 2 0 1 0 0 1 0 0 0 0 0
北海道大法科大学院 40 2 3 0 3 2 5 2 4 11 8
明治大法科大学院 96 3 7 6 2 11 5 17 8 32 5
名城大法科大学院 3 0 3 0 0 0 0 0 0 0 0
横浜国立大法科大学院 13 2 4 0 3 0 3 0 1 0 0
立教大法科大学院 8 1 4 0 3 0 0 0 0 0 0
立命館大法科大学院 100 3 3 9 2 14 4 22 1 37 5
琉球大法科大学院 24 1 4 1 3 0 5 1 3 2 4
早稲田大法科大学院 199 4 7 10 9 27 13 35 13 71 10
総 計 2,072 92 99 156 133 199 152 275 171 576 219
（注） 受験者数には、途中欠席者を含む。

--- Page 4 ---
令和６年司法試験法科大学院別人員調（修了年度・既修・未修別）２/２
合格者数
法科大学院名 令和元年度 令和２年度 令和３年度 令和４年度 令和５年度
計
既修 未修 既修 未修 既修 未修 既修 未修 既修 未修
愛知大法科大学院 3 0 0 0 0 0 0 0 1 1 1
青山学院大法科大学院 0 0 0 0 0 0 0 0 0 0 0
大阪公立大法科大学院 7 0 0 1 0 0 1 1 3 1 0
大阪大法科大学院 35 0 2 2 0 3 0 6 2 16 4
岡山大法科大学院 2 0 0 0 0 0 0 1 1 0 0
学習院大法科大学院 3 0 0 1 0 0 0 1 0 1 0
金沢大法科大学院 3 0 0 0 0 0 1 1 0 1 0
関西大法科大学院 13 1 0 0 0 1 1 2 2 6 0
関西学院大法科大学院 9 0 0 0 0 0 0 1 2 6 0
九州大法科大学院 23 1 0 2 2 0 1 5 0 10 2
京都産業大法科大学院 0 0 0 0 0 0 0 0 0 0 0
京都大法科大学院 25 0 0 0 0 1 1 8 0 12 3
近畿大法科大学院 1 0 1 0 0 0 0 0 0 0 0
慶應義塾大法科大学院 43 0 0 1 1 2 2 7 3 24 3
甲南大法科大学院 1 0 0 1 0 0 0 0 0 0 0
神戸大法科大学院 20 1 0 0 0 1 0 4 0 12 2
駒澤大法科大学院 1 0 0 0 0 0 0 0 0 1 0
上智大法科大学院 5 1 0 1 0 0 0 0 0 3 0
成蹊大法科大学院 0 0 0 0 0 0 0 0 0 0 0
西南学院大法科大学院 0 0 0 0 0 0 0 0 0 0 0
専修大法科大学院 6 0 0 0 0 0 1 0 1 3 1
創価大法科大学院 2 0 0 0 1 1 0 0 0 0 0
大東文化大法科大学院 0 0 0 0 0 0 0 0 0 0 0
千葉大法科大学院 11 1 0 0 0 2 0 1 1 5 1
中央大法科大学院 31 0 0 1 0 2 0 7 1 16 4
筑波大法科大学院 9 0 1 0 0 1 1 1 1 0 4
桐蔭横浜大法科大学院 1 0 0 0 1 0 0 0 0 0 0
東京大法科大学院 33 0 2 0 1 3 0 4 3 15 5
東京都立大法科大学院 4 0 0 0 0 0 0 1 0 3 0
同志社大法科大学院 23 0 0 0 1 1 0 0 1 19 1
東北大法科大学院 7 0 0 0 0 0 0 1 0 6 0
名古屋大法科大学院 11 0 0 1 1 0 1 2 0 5 1
南山大法科大学院 3 0 0 0 0 1 0 1 0 1 0
日本大法科大学院 8 0 0 0 0 1 0 0 0 6 1
一橋大法科大学院 13 0 0 1 0 0 2 4 1 4 1
広島大法科大学院 6 1 0 1 0 0 0 1 0 2 1
福岡大法科大学院 2 0 0 0 0 0 0 0 1 0 1
法政大法科大学院 7 1 0 1 0 0 0 2 0 2 1
北海学園大法科大学院 0 0 0 0 0 0 0 0 0 0 0
北海道大法科大学院 6 0 0 0 0 0 0 1 0 4 1
明治大法科大学院 18 0 0 0 0 2 0 3 0 12 1
名城大法科大学院 0 0 0 0 0 0 0 0 0 0 0
横浜国立大法科大学院 2 1 0 0 1 0 0 0 0 0 0
立教大法科大学院 0 0 0 0 0 0 0 0 0 0 0
立命館大法科大学院 14 0 0 1 0 1 0 3 0 9 0
琉球大法科大学院 4 0 1 0 0 0 1 0 1 1 0
早稲田大法科大学院 56 0 0 1 2 7 2 6 1 36 1
総 計 471 8 7 16 11 30 15 75 26 243 40

--- Page 5 ---
令和６年司法試験受験状況（予備試験合格者）
※ 司法試験予備試験合格の資格に基づく受験者の参考情報である。
性別 出願者 受験者 短答合格者 最終合格者
男 400 398 395 369
女 78 77 77 72
合計 478 475 472 441
年齢別 出願者 受験者 短答合格者 最終合格者
１９歳以下 2 2 2 2
２０～２４歳 256 254 252 250
２５～２９歳 81 81 81 79
３０～３４歳 29 29 29 29
３５～３９歳 43 42 42 36
４０～４４歳 20 20 19 16
４５～４９歳 12 13 13 12
５０～５４歳 16 16 16 8
５５～５９歳 10 9 9 3
６０～６４歳 4 4 4 3
６５～６９歳 3 3 3 1
７０歳以上 2 2 2 2
合計 478 475 472 441
令和６年１２月３１日現在
職種別 出願者 受験者 短答合格者 最終合格者
公務員 32 32 32 23
教職員 2 2 2 2
会社員 45 43 43 39
法律事務所事務員 6 6 6 5
塾教師 3 3 3 1
自営業 15 15 15 12
法科大学院生 155 157 157 156
大学生 69 67 66 65
無職 142 141 139 130
大学院生 0 0 0 0
その他 9 9 9 8
合計 478 475 472 441
※ 本データは出願者の自己申告によるもの
出願時現在
最終学歴別 出願者 受験者 短答合格者 最終合格者
高校在学中 1 1 1 1
高校卒 2 2 2 2
大学卒業 180 179 178 162
大学在学中 69 67 66 65
大学中退 5 5 4 2
法科大学院修了 33 33 33 25
法科大学院在学中 152 154 154 153
法科大学院中退 16 16 16 16
法科大学院以外の大学院修了 16 14 14 11
法科大学院以外の大学院在学中 0 0 0 0
法科大学院以外の大学院中退 3 3 3 3
その他 1 1 1 1
合計 478 475 472 441
※ 本データは出願者の自己申告によるもの
出願時現在