--- Page 1 ---
令和６年司法試験の採点結果
法務省大臣官房人事課
１ 合格者数等
(1) 合格者数 1,592人
※ 論文式試験の各科目において、素点の２５％点（公法系科目・刑事系科目は５０点、民
事系科目は７５点、選択科目は２５点）以上の成績を得た者のうち、短答式試験の得点と
論文式試験の得点による総合評価の総合点７７０点以上の者（令和６年１１月５日司法試
験委員会決定）
（参考）
令和６年 令和５年
出願者数 4,028人 4,165人
受験予定者数 4,026人 4,165人
受験者数 3,779人 3,928人
短答式試験の合格に必要な成績を得た者の数 2,958人 3,149人
合格者数 1,592人 1,781人
(2) 合格者に関する情報
ア 選択科目別人員・割合
令和６年 令和５年
倒産法 255人 (16.02%) 292人 (16.40%)
租税法 62人 (3.89%) 80人 (4.49%)
経済法 344人 (21.61%) 371人 (20.83%)
知的財産法 229人 (14.38%) 277人 (15.55%)
労働法 503人 (31.60%) 538人 (30.21%)
環境法 28人 (1.76%) 41人 (2.30%)
国際関係法（公法系） 26人 (1.63%) 18人 (1.01%)
国際関係法（私法系） 145人 (9.11%) 164人 (9.21%)
イ 年齢別構成（令和６年１２月末現在）
令和６年 令和５年
平均年齢 26.9歳 26.6歳
最高年齢 70歳 66歳
最低年齢 17歳 19歳
ウ 性別構成
令和６年 令和５年
男性 1,111人 (69.79%) 1,257人 (70.58%)
女性 481人 (30.21%) 524人 (29.42%)
エ 司法試験受験回数
令和６年 令和５年
１回目 1,211人 1,584人
２回目 296人 123人
３回目 44人 35人
４回目 29人 24人
５回目 12人 15人
※ 令和６年司法試験の受験資格による受験回数

--- Page 2 ---
オ 受験資格
令和６年 令和５年
法科大学院課程修了者 471人 817人
既修者法学部 351人 631人
既修者非法学部 21人 39人
未修者法学部 72人 99人
未修者非法学部 27人 48人
令和６年 令和５年
在学中受験資格者 680人 637人
既修者法学部 569人 548人
既修者非法学部 42人 30人
未修者法学部 54人 34人
未修者非法学部 15人 25人
令和６年 令和５年
予備試験合格者 441人 327人
２ 得点の状況
(1) 総合点
令和６年 令和５年
最高点 1205.10点 1220.80点
最低点 391.86点 440.56点
平均点 796.12点 813.28点
(2) 論文式試験得点
令和６年 令和５年
最高点 598.34点 611.31点
最低点 168.49点 189.46点
平均点 385.63点 (375.55点) 392.01点 (379.93点)
※ 総合評価対象者の得点（括弧内の点数は、最低ライン点未満の者を含んだ点数である。）
(3) 最低ライン点未満者
令和６年 令和５年
最低ライン点未満実人員 172人 219人
公法系科目 42人 53人
民事系科目 105人 129人
刑事系科目 34人 26人
選択科目 56人 118人
倒産法 14人 20人
租税法 3人 3人
経済法 6人 21人
知的財産法 7人 29人
労働法 22人 34人
環境法 0人 0人
国際関係法（公法系） 0人 4人
国際関係法（私法系） 4人 7人
※ 最低ライン点未満の者の合計は237人となるが、このうち128人が1科目、27人が2科目、13人が3科目及び4
人が4科目において最低ライン未満点となっていることから、最低ライン点未満実人員は172人となる。

--- Page 3 ---
３ 参考資料
・令和６年司法試験総合点別人員調（総合評価）
・令和６年司法試験論文式試験得点別人員調（合計得点）
・令和６年司法試験論文式試験得点別人員調（公法系科目）
・令和６年司法試験論文式試験得点別人員調（民事系科目）
・令和６年司法試験論文式試験得点別人員調（刑事系科目）
・令和６年司法試験論文式試験得点別人員調（選択科目）

--- Page 4 ---
令和６年司法試験総合点別人員調（総合評価）
総合点 人員(人) 人員累計(人) 累計割合(％) 総合点 人員(人) 人員累計(人) 累計割合(％) 総合点 人員(人) 人員累計(人) 累計割合(％)
1205 1 1 0.04 1134 2 9 0.32 1063 0 50 1.79
1204 0 1 0.04 1133 0 9 0.32 1062 2 52 1.87
1203 0 1 0.04 1132 0 9 0.32 1061 2 54 1.94
1202 0 1 0.04 1131 1 10 0.36 1060 4 58 2.08
1201 0 1 0.04 1130 2 12 0.43 1059 2 60 2.15
1200 0 1 0.04 1129 1 13 0.47 1058 1 61 2.19
1199 0 1 0.04 1128 0 13 0.47 1057 2 63 2.26
1198 0 1 0.04 1127 1 14 0.50 1056 2 65 2.33
1197 0 1 0.04 1126 0 14 0.50 1055 2 67 2.40
1196 0 1 0.04 1125 0 14 0.50 1054 0 67 2.40
1195 0 1 0.04 1124 0 14 0.50 1053 0 67 2.40
1194 0 1 0.04 1123 0 14 0.50 1052 2 69 2.48
1193 0 1 0.04 1122 0 14 0.50 1051 2 71 2.55
1192 0 1 0.04 1121 0 14 0.50 1050 1 72 2.58
1191 0 1 0.04 1120 0 14 0.50 1049 1 73 2.62
1190 0 1 0.04 1119 0 14 0.50 1048 2 75 2.69
1189 1 2 0.07 1118 0 14 0.50 1047 0 75 2.69
1188 0 2 0.07 1117 0 14 0.50 1046 2 77 2.76
1187 0 2 0.07 1116 0 14 0.50 1045 2 79 2.84
1186 0 2 0.07 1115 1 15 0.54 1044 2 81 2.91
1185 0 2 0.07 1114 0 15 0.54 1043 1 82 2.94
1184 0 2 0.07 1113 1 16 0.57 1042 0 82 2.94
1183 0 2 0.07 1112 0 16 0.57 1041 2 84 3.02
1182 0 2 0.07 1111 1 17 0.61 1040 1 85 3.05
1181 0 2 0.07 1110 0 17 0.61 1039 3 88 3.16
1180 0 2 0.07 1109 0 17 0.61 1038 0 88 3.16
1179 0 2 0.07 1108 0 17 0.61 1037 3 91 3.27
1178 0 2 0.07 1107 0 17 0.61 1036 2 93 3.34
1177 0 2 0.07 1106 0 17 0.61 1035 2 95 3.41
1176 0 2 0.07 1105 2 19 0.68 1034 0 95 3.41
1175 0 2 0.07 1104 0 19 0.68 1033 2 97 3.48
1174 0 2 0.07 1103 0 19 0.68 1032 0 97 3.48
1173 0 2 0.07 1102 1 20 0.72 1031 4 101 3.63
1172 0 2 0.07 1101 0 20 0.72 1030 2 103 3.70
1171 0 2 0.07 1100 1 21 0.75 1029 4 107 3.84
1170 0 2 0.07 1099 0 21 0.75 1028 1 108 3.88
1169 0 2 0.07 1098 1 22 0.79 1027 1 109 3.91
1168 0 2 0.07 1097 1 23 0.83 1026 3 112 4.02
1167 0 2 0.07 1096 0 23 0.83 1025 4 116 4.16
1166 0 2 0.07 1095 0 23 0.83 1024 1 117 4.20
1165 0 2 0.07 1094 2 25 0.90 1023 2 119 4.27
1164 0 2 0.07 1093 0 25 0.90 1022 1 120 4.31
1163 0 2 0.07 1092 0 25 0.90 1021 0 120 4.31
1162 0 2 0.07 1091 0 25 0.90 1020 4 124 4.45
1161 0 2 0.07 1090 0 25 0.90 1019 2 126 4.52
1160 0 2 0.07 1089 0 25 0.90 1018 2 128 4.59
1159 0 2 0.07 1088 1 26 0.93 1017 1 129 4.63
1158 0 2 0.07 1087 2 28 1.01 1016 2 131 4.70
1157 0 2 0.07 1086 0 28 1.01 1015 3 134 4.81
1156 0 2 0.07 1085 2 30 1.08 1014 3 137 4.92
1155 1 3 0.11 1084 0 30 1.08 1013 3 140 5.03
1154 0 3 0.11 1083 0 30 1.08 1012 1 141 5.06
1153 0 3 0.11 1082 0 30 1.08 1011 2 143 5.13
1152 0 3 0.11 1081 1 31 1.11 1010 3 146 5.24
1151 1 4 0.14 1080 2 33 1.18 1009 2 148 5.31
1150 0 4 0.14 1079 2 35 1.26 1008 2 150 5.38
1149 0 4 0.14 1078 1 36 1.29 1007 6 156 5.60
1148 0 4 0.14 1077 0 36 1.29 1006 6 162 5.81
1147 0 4 0.14 1076 0 36 1.29 1005 1 163 5.85
1146 1 5 0.18 1075 1 37 1.33 1004 3 166 5.96
1145 0 5 0.18 1074 2 39 1.40 1003 1 167 5.99
1144 0 5 0.18 1073 0 39 1.40 1002 6 173 6.21
1143 0 5 0.18 1072 2 41 1.47 1001 3 176 6.32
1142 0 5 0.18 1071 1 42 1.51 1000 3 179 6.42
1141 0 5 0.18 1070 2 44 1.58 999 3 182 6.53
1140 0 5 0.18 1069 1 45 1.62 998 2 184 6.60
1139 0 5 0.18 1068 1 46 1.65 997 1 185 6.64
1138 1 6 0.22 1067 1 47 1.69 996 2 187 6.71
1137 0 6 0.22 1066 2 49 1.76 995 0 187 6.71
1136 0 6 0.22 1065 0 49 1.76 994 4 191 6.86
1135 1 7 0.25 1064 1 50 1.79 993 3 194 6.96
（注） １ 累計割合(％)は、総合評価対象者に対する人員累計（人）の割合である。

--- Page 5 ---
総合点 人員(人) 人員累計(人) 累計割合(％) 総合点 人員(人) 人員累計(人) 累計割合(％) 総合点 人員(人) 人員累計(人) 累計割合(％)
992 2 196 7.04 921 9 524 18.81 850 10 991 35.57
991 2 198 7.11 920 5 529 18.99 849 7 998 35.82
990 2 200 7.18 919 3 532 19.10 848 8 1006 36.11
989 6 206 7.39 918 3 535 19.20 847 6 1012 36.32
988 2 208 7.47 917 8 543 19.49 846 9 1021 36.65
987 0 208 7.47 916 7 550 19.74 845 7 1028 36.90
986 5 213 7.65 915 7 557 19.99 844 9 1037 37.22
985 3 216 7.75 914 7 564 20.24 843 9 1046 37.54
984 3 219 7.86 913 15 579 20.78 842 6 1052 37.76
983 5 224 8.04 912 5 584 20.96 841 6 1058 37.98
982 3 227 8.15 911 7 591 21.21 840 6 1064 38.19
981 0 227 8.15 910 6 597 21.43 839 4 1068 38.33
980 3 230 8.26 909 4 601 21.57 838 7 1075 38.59
979 2 232 8.33 908 9 610 21.90 837 8 1083 38.87
978 4 236 8.47 907 7 617 22.15 836 10 1093 39.23
977 7 243 8.72 906 5 622 22.33 835 8 1101 39.52
976 8 251 9.01 905 4 626 22.47 834 5 1106 39.70
975 3 254 9.12 904 9 635 22.79 833 7 1113 39.95
974 3 257 9.22 903 1 636 22.83 832 10 1123 40.31
973 0 257 9.22 902 10 646 23.19 831 12 1135 40.74
972 3 260 9.33 901 9 655 23.51 830 11 1146 41.13
971 3 263 9.44 900 5 660 23.69 829 3 1149 41.24
970 5 268 9.62 899 3 663 23.80 828 5 1154 41.42
969 6 274 9.83 898 9 672 24.12 827 2 1156 41.49
968 7 281 10.09 897 7 679 24.37 826 8 1164 41.78
967 8 289 10.37 896 3 682 24.48 825 5 1169 41.96
966 3 292 10.48 895 8 690 24.77 824 5 1174 42.14
965 3 295 10.59 894 5 695 24.95 823 6 1180 42.35
964 4 299 10.73 893 12 707 25.38 822 5 1185 42.53
963 3 302 10.84 892 10 717 25.74 821 8 1193 42.82
962 5 307 11.02 891 3 720 25.84 820 2 1195 42.89
961 2 309 11.09 890 7 727 26.09 819 10 1205 43.25
960 13 322 11.56 889 11 738 26.49 818 1 1206 43.29
959 11 333 11.95 888 6 744 26.70 817 10 1216 43.65
958 3 336 12.06 887 5 749 26.88 816 5 1221 43.83
957 5 341 12.24 886 7 756 27.14 815 6 1227 44.04
956 3 344 12.35 885 5 761 27.32 814 6 1233 44.26
955 2 346 12.42 884 3 764 27.42 813 10 1243 44.62
954 3 349 12.53 883 4 768 27.57 812 9 1252 44.94
953 3 352 12.63 882 6 774 27.78 811 8 1260 45.23
952 9 361 12.96 881 4 778 27.93 810 12 1272 45.66
951 5 366 13.14 880 7 785 28.18 809 5 1277 45.84
950 2 368 13.21 879 6 791 28.39 808 10 1287 46.20
949 5 373 13.39 878 9 800 28.72 807 10 1297 46.55
948 4 377 13.53 877 8 808 29.00 806 10 1307 46.91
947 3 380 13.64 876 9 817 29.33 805 11 1318 47.31
946 4 384 13.78 875 8 825 29.61 804 6 1324 47.52
945 6 390 14.00 874 5 830 29.79 803 14 1338 48.03
944 3 393 14.11 873 3 833 29.90 802 4 1342 48.17
943 3 396 14.21 872 9 842 30.22 801 7 1349 48.42
942 6 402 14.43 871 3 845 30.33 800 7 1356 48.67
941 5 407 14.61 870 8 853 30.62 799 4 1360 48.82
940 4 411 14.75 869 10 863 30.98 798 12 1372 49.25
939 9 420 15.08 868 7 870 31.23 797 7 1379 49.50
938 4 424 15.22 867 6 876 31.44 796 8 1387 49.78
937 5 429 15.40 866 2 878 31.51 795 13 1400 50.25
936 7 436 15.65 865 5 883 31.69 794 9 1409 50.57
935 6 442 15.87 864 6 889 31.91 793 6 1415 50.79
934 6 448 16.08 863 7 896 32.16 792 6 1421 51.01
933 6 454 16.30 862 10 906 32.52 791 13 1434 51.47
932 3 457 16.40 861 6 912 32.74 790 12 1446 51.90
931 7 464 16.65 860 3 915 32.84 789 12 1458 52.33
930 6 470 16.87 859 8 923 33.13 788 12 1470 52.76
929 7 477 17.12 858 9 932 33.45 787 9 1479 53.09
928 4 481 17.26 857 8 940 33.74 786 13 1492 53.55
927 7 488 17.52 856 5 945 33.92 785 8 1500 53.84
926 4 492 17.66 855 8 953 34.21 784 4 1504 53.98
925 4 496 17.80 854 9 962 34.53 783 6 1510 54.20
924 9 505 18.13 853 8 970 34.82 782 7 1517 54.45
923 4 509 18.27 852 7 977 35.07 781 4 1521 54.59
922 6 515 18.49 851 4 981 35.21 780 8 1529 54.88

--- Page 6 ---
総合点 人員(人) 人員累計(人) 累計割合(％) 総合点 人員(人) 人員累計(人) 累計割合(％) 総合点 人員(人) 人員累計(人) 累計割合(％)
779 4 1533 55.03 708 3 2036 73.08 637 3 2439 87.54
778 9 1542 55.35 707 6 2042 73.30 636 4 2443 87.69
777 6 1548 55.56 706 5 2047 73.47 635 8 2451 87.98
776 2 1550 55.64 705 8 2055 73.76 634 4 2455 88.12
775 6 1556 55.85 704 5 2060 73.94 633 3 2458 88.23
774 8 1564 56.14 703 0 2060 73.94 632 3 2461 88.33
773 11 1575 56.53 702 4 2064 74.08 631 3 2464 88.44
772 4 1579 56.68 701 10 2074 74.44 630 5 2469 88.62
771 5 1584 56.86 700 14 2088 74.95 629 12 2481 89.05
770 8 1592 57.14 699 1 2089 74.98 628 4 2485 89.20
769 7 1599 57.39 698 9 2098 75.31 627 1 2486 89.23
768 5 1604 57.57 697 5 2103 75.48 626 3 2489 89.34
767 6 1610 57.79 696 11 2114 75.88 625 1 2490 89.38
766 16 1626 58.36 695 7 2121 76.13 624 8 2498 89.66
765 9 1635 58.69 694 6 2127 76.35 623 3 2501 89.77
764 8 1643 58.97 693 10 2137 76.70 622 4 2505 89.91
763 11 1654 59.37 692 5 2142 76.88 621 4 2509 90.06
762 12 1666 59.80 691 8 2150 77.17 620 2 2511 90.13
761 4 1670 59.94 690 8 2158 77.46 619 3 2514 90.24
760 8 1678 60.23 689 6 2164 77.67 618 2 2516 90.31
759 6 1684 60.45 688 6 2170 77.89 617 2 2518 90.38
758 10 1694 60.80 687 5 2175 78.07 616 2 2520 90.45
757 9 1703 61.13 686 3 2178 78.18 615 4 2524 90.60
756 4 1707 61.27 685 5 2183 78.36 614 3 2527 90.70
755 11 1718 61.67 684 11 2194 78.75 613 5 2532 90.88
754 4 1722 61.81 683 4 2198 78.89 612 3 2535 90.99
753 4 1726 61.95 682 8 2206 79.18 611 6 2541 91.21
752 6 1732 62.17 681 0 2206 79.18 610 2 2543 91.28
751 7 1739 62.42 680 4 2210 79.33 609 3 2546 91.39
750 11 1750 62.81 679 6 2216 79.54 608 2 2548 91.46
749 7 1757 63.07 678 4 2220 79.68 607 3 2551 91.56
748 9 1766 63.39 677 3 2223 79.79 606 4 2555 91.71
747 4 1770 63.53 676 3 2226 79.90 605 6 2561 91.92
746 3 1773 63.64 675 7 2233 80.15 604 2 2563 92.00
745 10 1783 64.00 674 4 2237 80.29 603 2 2565 92.07
744 6 1789 64.21 673 6 2243 80.51 602 2 2567 92.14
743 8 1797 64.50 672 3 2246 80.62 601 2 2569 92.21
742 10 1807 64.86 671 6 2252 80.83 600 3 2572 92.32
741 10 1817 65.22 670 4 2256 80.98 599 2 2574 92.39
740 4 1821 65.36 669 8 2264 81.26 598 2 2576 92.46
739 9 1830 65.69 668 3 2267 81.37 597 4 2580 92.61
738 3 1833 65.79 667 6 2273 81.59 596 3 2583 92.71
737 12 1845 66.22 666 5 2278 81.77 595 1 2584 92.75
736 11 1856 66.62 665 4 2282 81.91 594 5 2589 92.93
735 10 1866 66.98 664 6 2288 82.12 593 3 2592 93.04
734 8 1874 67.26 663 4 2292 82.27 592 2 2594 93.11
733 7 1881 67.52 662 7 2299 82.52 591 5 2599 93.29
732 6 1887 67.73 661 7 2306 82.77 590 3 2602 93.40
731 5 1892 67.91 660 4 2310 82.91 589 4 2606 93.54
730 10 1902 68.27 659 6 2316 83.13 588 2 2608 93.61
729 5 1907 68.45 658 5 2321 83.31 587 4 2612 93.75
728 8 1915 68.74 657 8 2329 83.60 586 8 2620 94.04
727 7 1922 68.99 656 3 2332 83.70 585 4 2624 94.19
726 7 1929 69.24 655 11 2343 84.10 584 3 2627 94.29
725 5 1934 69.42 654 4 2347 84.24 583 2 2629 94.36
724 8 1942 69.71 653 6 2353 84.46 582 3 2632 94.47
723 6 1948 69.92 652 5 2358 84.64 581 5 2637 94.65
722 5 1953 70.10 651 10 2368 85.00 580 2 2639 94.72
721 6 1959 70.32 650 5 2373 85.18 579 3 2642 94.83
720 7 1966 70.57 649 7 2380 85.43 578 4 2646 94.97
719 5 1971 70.75 648 5 2385 85.61 577 4 2650 95.12
718 10 1981 71.11 647 1 2386 85.64 576 4 2654 95.26
717 4 1985 71.25 646 7 2393 85.89 575 2 2656 95.33
716 2 1987 71.32 645 10 2403 86.25 574 1 2657 95.37
715 7 1994 71.57 644 2 2405 86.32 573 4 2661 95.51
714 5 1999 71.75 643 6 2411 86.54 572 1 2662 95.55
713 11 2010 72.15 642 6 2417 86.76 571 3 2665 95.66
712 8 2018 72.43 641 5 2422 86.93 570 3 2668 95.76
711 3 2021 72.54 640 3 2425 87.04 569 1 2669 95.80
710 3 2024 72.65 639 5 2430 87.22 568 0 2669 95.80
709 9 2033 72.97 638 6 2436 87.44 567 3 2672 95.91

--- Page 7 ---
総合点 人員(人) 人員累計(人) 累計割合(％) 総合点 人員(人) 人員累計(人) 累計割合(％) 総合点 人員(人) 人員累計(人) 累計割合(％)
566 3 2675 96.02 494 0 2766 99.28 422 0 2785 99.96
565 2 2677 96.09 493 1 2767 99.32 421 0 2785 99.96
564 0 2677 96.09 492 1 2768 99.35 420 0 2785 99.96
563 1 2678 96.12 491 0 2768 99.35 419 0 2785 99.96
562 3 2681 96.23 490 0 2768 99.35 418 0 2785 99.96
561 1 2682 96.27 489 0 2768 99.35 417 0 2785 99.96
560 1 2683 96.30 488 1 2769 99.39 416 0 2785 99.96
559 3 2686 96.41 487 1 2770 99.43 415 0 2785 99.96
558 1 2687 96.45 486 0 2770 99.43 414 0 2785 99.96
557 2 2689 96.52 485 1 2771 99.46 413 0 2785 99.96
556 4 2693 96.66 484 0 2771 99.46 412 0 2785 99.96
555 1 2694 96.70 483 0 2771 99.46 411 0 2785 99.96
554 3 2697 96.81 482 1 2772 99.50 410 0 2785 99.96
553 5 2702 96.98 481 0 2772 99.50 409 0 2785 99.96
552 1 2703 97.02 480 3 2775 99.61 408 0 2785 99.96
551 1 2704 97.06 479 0 2775 99.61 407 0 2785 99.96
550 3 2707 97.16 478 0 2775 99.61 406 0 2785 99.96
549 0 2707 97.16 477 1 2776 99.64 405 0 2785 99.96
548 1 2708 97.20 476 0 2776 99.64 404 0 2785 99.96
547 1 2709 97.24 475 0 2776 99.64 403 0 2785 99.96
546 2 2711 97.31 474 1 2777 99.68 402 0 2785 99.96
545 2 2713 97.38 473 0 2777 99.68 401 0 2785 99.96
544 2 2715 97.45 472 1 2778 99.71 400 0 2785 99.96
543 2 2717 97.52 471 1 2779 99.75 399 0 2785 99.96
542 3 2720 97.63 470 2 2781 99.82 398 0 2785 99.96
541 1 2721 97.67 469 1 2782 99.86 397 0 2785 99.96
540 0 2721 97.67 468 0 2782 99.86 396 0 2785 99.96
539 0 2721 97.67 467 0 2782 99.86 395 0 2785 99.96
538 1 2722 97.70 466 0 2782 99.86 394 0 2785 99.96
537 2 2724 97.77 465 0 2782 99.86 393 0 2785 99.96
536 2 2726 97.85 464 0 2782 99.86 392 0 2785 99.96
535 0 2726 97.85 463 0 2782 99.86 391 1 2786 100.00
534 2 2728 97.92 462 0 2782 99.86
533 1 2729 97.95 461 0 2782 99.86
532 1 2730 97.99 460 0 2782 99.86
531 0 2730 97.99 459 0 2782 99.86
530 2 2732 98.06 458 0 2782 99.86
529 1 2733 98.10 457 0 2782 99.86
528 1 2734 98.13 456 0 2782 99.86
527 0 2734 98.13 455 1 2783 99.89
526 2 2736 98.21 454 0 2783 99.89
525 0 2736 98.21 453 0 2783 99.89
524 1 2737 98.24 452 0 2783 99.89
523 0 2737 98.24 451 1 2784 99.93
522 1 2738 98.28 450 0 2784 99.93
521 2 2740 98.35 449 0 2784 99.93
520 0 2740 98.35 448 0 2784 99.93
519 2 2742 98.42 447 0 2784 99.93
518 1 2743 98.46 446 0 2784 99.93
517 2 2745 98.53 445 0 2784 99.93
516 3 2748 98.64 444 0 2784 99.93
515 1 2749 98.67 443 0 2784 99.93
514 1 2750 98.71 442 0 2784 99.93
513 2 2752 98.78 441 1 2785 99.96
512 2 2754 98.85 440 0 2785 99.96
511 1 2755 98.89 439 0 2785 99.96
510 0 2755 98.89 438 0 2785 99.96
509 0 2755 98.89 437 0 2785 99.96
508 0 2755 98.89 436 0 2785 99.96
507 1 2756 98.92 435 0 2785 99.96
506 0 2756 98.92 434 0 2785 99.96
505 3 2759 99.03 433 0 2785 99.96
504 0 2759 99.03 432 0 2785 99.96
503 0 2759 99.03 431 0 2785 99.96
502 0 2759 99.03 430 0 2785 99.96
501 1 2760 99.07 429 0 2785 99.96
500 1 2761 99.10 428 0 2785 99.96
499 2 2763 99.17 427 0 2785 99.96
498 0 2763 99.17 426 0 2785 99.96
497 2 2765 99.25 425 0 2785 99.96
496 1 2766 99.28 424 0 2785 99.96
495 0 2766 99.28 423 0 2785 99.96

--- Page 8 ---
令和６年司法試験論文式試験得点別人員調（合計得点）
得点 人員（人） 人員累計(人) 累計割合(％) 得点 人員（人） 人員累計(人) 累計割合(％) 得点 人員（人） 人員累計(人) 累計割合(％)
598 1 1 0.03 531 5 41 1.39 464 16 395 13.35
597 0 1 0.03 530 3 44 1.49 463 8 403 13.62
596 0 1 0.03 529 2 46 1.56 462 6 409 13.83
595 0 1 0.03 528 3 49 1.66 461 11 420 14.20
594 0 1 0.03 527 2 51 1.72 460 14 434 14.67
593 0 1 0.03 526 4 55 1.86 459 12 446 15.08
592 0 1 0.03 525 2 57 1.93 458 13 459 15.52
591 0 1 0.03 524 2 59 1.99 457 8 467 15.79
590 0 1 0.03 523 1 60 2.03 456 12 479 16.19
589 0 1 0.03 522 1 61 2.06 455 10 489 16.53
588 0 1 0.03 521 4 65 2.20 454 7 496 16.77
587 0 1 0.03 520 2 67 2.27 453 12 508 17.17
586 1 2 0.07 519 0 67 2.27 452 6 514 17.38
585 1 3 0.10 518 4 71 2.40 451 17 531 17.95
584 0 3 0.10 517 3 74 2.50 450 9 540 18.26
583 0 3 0.10 516 3 77 2.60 449 11 551 18.63
582 0 3 0.10 515 1 78 2.64 448 12 563 19.03
581 0 3 0.10 514 4 82 2.77 447 17 580 19.61
580 0 3 0.10 513 4 86 2.91 446 9 589 19.91
579 0 3 0.10 512 4 90 3.04 445 9 598 20.22
578 0 3 0.10 511 1 91 3.08 444 10 608 20.55
577 0 3 0.10 510 5 96 3.25 443 8 616 20.82
576 1 4 0.14 509 3 99 3.35 442 8 624 21.10
575 0 4 0.14 508 5 104 3.52 441 12 636 21.50
574 0 4 0.14 507 1 105 3.55 440 17 653 22.08
573 0 4 0.14 506 4 109 3.68 439 17 670 22.65
572 0 4 0.14 505 3 112 3.79 438 10 680 22.99
571 0 4 0.14 504 7 119 4.02 437 16 696 23.53
570 0 4 0.14 503 1 120 4.06 436 9 705 23.83
569 0 4 0.14 502 4 124 4.19 435 16 721 24.37
568 0 4 0.14 501 1 125 4.23 434 16 737 24.92
567 0 4 0.14 500 7 132 4.46 433 16 753 25.46
566 2 6 0.20 499 5 137 4.63 432 12 765 25.86
565 1 7 0.24 498 6 143 4.83 431 14 779 26.34
564 1 8 0.27 497 7 150 5.07 430 4 783 26.47
563 1 9 0.30 496 8 158 5.34 429 8 791 26.74
562 0 9 0.30 495 1 159 5.38 428 15 806 27.25
561 1 10 0.34 494 4 163 5.51 427 7 813 27.48
560 0 10 0.34 493 10 173 5.85 426 11 824 27.86
559 0 10 0.34 492 2 175 5.92 425 21 845 28.57
558 1 11 0.37 491 5 180 6.09 424 23 868 29.34
557 1 12 0.41 490 4 184 6.22 423 10 878 29.68
556 1 13 0.44 489 8 192 6.49 422 10 888 30.02
555 2 15 0.51 488 7 199 6.73 421 5 893 30.19
554 1 16 0.54 487 7 206 6.96 420 17 910 30.76
553 0 16 0.54 486 4 210 7.10 419 13 923 31.20
552 1 17 0.57 485 6 216 7.30 418 9 932 31.51
551 0 17 0.57 484 8 224 7.57 417 7 939 31.74
550 0 17 0.57 483 2 226 7.64 416 21 960 32.45
549 2 19 0.64 482 7 233 7.88 415 20 980 33.13
548 0 19 0.64 481 8 241 8.15 414 14 994 33.60
547 1 20 0.68 480 10 251 8.49 413 12 1006 34.01
546 2 22 0.74 479 10 261 8.82 412 11 1017 34.38
545 1 23 0.78 478 4 265 8.96 411 15 1032 34.89
544 0 23 0.78 477 6 271 9.16 410 17 1049 35.46
543 1 24 0.81 476 4 275 9.30 409 16 1065 36.00
542 1 25 0.85 475 8 283 9.57 408 15 1080 36.51
541 1 26 0.88 474 7 290 9.80 407 12 1092 36.92
540 0 26 0.88 473 8 298 10.07 406 12 1104 37.32
539 0 26 0.88 472 13 311 10.51 405 17 1121 37.90
538 0 26 0.88 471 10 321 10.85 404 11 1132 38.27
537 2 28 0.95 470 13 334 11.29 403 17 1149 38.84
536 2 30 1.01 469 11 345 11.66 402 10 1159 39.18
535 1 31 1.05 468 8 353 11.93 401 11 1170 39.55
534 4 35 1.18 467 10 363 12.27 400 18 1188 40.16
533 0 35 1.18 466 5 368 12.44 399 11 1199 40.53
532 1 36 1.22 465 11 379 12.81 398 19 1218 41.18
（注） 累計割合(％)は、採点対象者2,958人に対する人員累計（人）の割合である。

--- Page 9 ---
得点 人員（人） 人員累計(人) 累計割合(％) 得点 人員（人） 人員累計(人) 累計割合(％) 得点 人員（人） 人員累計(人) 累計割合(％)
397 16 1234 41.72 329 10 2153 72.79 261 4 2709 91.58
396 11 1245 42.09 328 11 2164 73.16 260 3 2712 91.68
395 13 1258 42.53 327 10 2174 73.50 259 5 2717 91.85
394 15 1273 43.04 326 13 2187 73.94 258 5 2722 92.02
393 18 1291 43.64 325 14 2201 74.41 257 2 2724 92.09
392 20 1311 44.32 324 11 2212 74.78 256 5 2729 92.26
391 19 1330 44.96 323 13 2225 75.22 255 5 2734 92.43
390 18 1348 45.57 322 10 2235 75.56 254 2 2736 92.49
389 15 1363 46.08 321 12 2247 75.96 253 5 2741 92.66
388 11 1374 46.45 320 8 2255 76.23 252 5 2746 92.83
387 9 1383 46.75 319 11 2266 76.61 251 4 2750 92.97
386 15 1398 47.26 318 17 2283 77.18 250 2 2752 93.04
385 14 1412 47.73 317 8 2291 77.45 249 3 2755 93.14
384 14 1426 48.21 316 11 2302 77.82 248 2 2757 93.20
383 13 1439 48.65 315 15 2317 78.33 247 3 2760 93.31
382 16 1455 49.19 314 13 2330 78.77 246 2 2762 93.37
381 18 1473 49.80 313 18 2348 79.38 245 7 2769 93.61
380 15 1488 50.30 312 10 2358 79.72 244 2 2771 93.68
379 18 1506 50.91 311 9 2367 80.02 243 3 2774 93.78
378 18 1524 51.52 310 9 2376 80.32 242 3 2777 93.88
377 13 1537 51.96 309 9 2385 80.63 241 3 2780 93.98
376 14 1551 52.43 308 13 2398 81.07 240 0 2780 93.98
375 20 1571 53.11 307 8 2406 81.34 239 4 2784 94.12
374 10 1581 53.45 306 9 2415 81.64 238 3 2787 94.22
373 13 1594 53.89 305 7 2422 81.88 237 2 2789 94.29
372 9 1603 54.19 304 9 2431 82.18 236 2 2791 94.35
371 17 1620 54.77 303 7 2438 82.42 235 7 2798 94.59
370 11 1631 55.14 302 8 2446 82.69 234 3 2801 94.69
369 12 1643 55.54 301 10 2456 83.03 233 4 2805 94.83
368 15 1658 56.05 300 14 2470 83.50 232 6 2811 95.03
367 19 1677 56.69 299 5 2475 83.67 231 3 2814 95.13
366 12 1689 57.10 298 12 2487 84.08 230 5 2819 95.30
365 20 1709 57.78 297 4 2491 84.21 229 2 2821 95.37
364 10 1719 58.11 296 11 2502 84.58 228 7 2828 95.61
363 16 1735 58.65 295 1 2503 84.62 227 4 2832 95.74
362 15 1750 59.16 294 7 2510 84.85 226 2 2834 95.81
361 15 1765 59.67 293 3 2513 84.96 225 5 2839 95.98
360 11 1776 60.04 292 4 2517 85.09 224 0 2839 95.98
359 12 1788 60.45 291 8 2525 85.36 223 2 2841 96.04
358 12 1800 60.85 290 7 2532 85.60 222 2 2843 96.11
357 26 1826 61.73 289 10 2542 85.94 221 2 2845 96.18
356 16 1842 62.27 288 10 2552 86.27 220 5 2850 96.35
355 9 1851 62.58 287 9 2561 86.58 219 1 2851 96.38
354 22 1873 63.32 286 3 2564 86.68 218 3 2854 96.48
353 14 1887 63.79 285 3 2567 86.78 217 4 2858 96.62
352 17 1904 64.37 284 8 2575 87.05 216 3 2861 96.72
351 8 1912 64.64 283 11 2586 87.42 215 2 2863 96.79
350 14 1926 65.11 282 6 2592 87.63 214 3 2866 96.89
349 18 1944 65.72 281 5 2597 87.80 213 2 2868 96.96
348 14 1958 66.19 280 5 2602 87.96 212 0 2868 96.96
347 9 1967 66.50 279 7 2609 88.20 211 3 2871 97.06
346 16 1983 67.04 278 6 2615 88.40 210 1 2872 97.09
345 9 1992 67.34 277 4 2619 88.54 209 2 2874 97.16
344 11 2003 67.71 276 9 2628 88.84 208 2 2876 97.23
343 9 2012 68.02 275 8 2636 89.11 207 2 2878 97.30
342 7 2019 68.26 274 2 2638 89.18 206 3 2881 97.40
341 12 2031 68.66 273 12 2650 89.59 205 2 2883 97.46
340 11 2042 69.03 272 5 2655 89.76 204 3 2886 97.57
339 8 2050 69.30 271 4 2659 89.89 203 2 2888 97.63
338 17 2067 69.88 270 3 2662 89.99 202 0 2888 97.63
337 10 2077 70.22 269 3 2665 90.09 201 5 2893 97.80
336 11 2088 70.59 268 4 2669 90.23 200 1 2894 97.84
335 12 2100 70.99 267 7 2676 90.47 199 0 2894 97.84
334 6 2106 71.20 266 5 2681 90.64 198 1 2895 97.87
333 8 2114 71.47 265 3 2684 90.74 197 1 2896 97.90
332 8 2122 71.74 264 6 2690 90.94 196 3 2899 98.01
331 10 2132 72.08 263 6 2696 91.14 195 2 2901 98.07
330 11 2143 72.45 262 9 2705 91.45 194 1 2902 98.11

--- Page 10 ---
得点 人員（人） 人員累計(人) 累計割合(％) 得点 人員（人） 人員累計(人) 累計割合(％) 得点 人員（人） 人員累計(人) 累計割合(％)
193 1 2903 98.14 125 0 2947 99.63 57 0 2956 99.93
192 1 2904 98.17 124 0 2947 99.63 56 0 2956 99.93
191 1 2905 98.21 123 0 2947 99.63 55 0 2956 99.93
190 2 2907 98.28 122 0 2947 99.63 54 0 2956 99.93
189 0 2907 98.28 121 0 2947 99.63 53 0 2956 99.93
188 2 2909 98.34 120 1 2948 99.66 52 0 2956 99.93
187 0 2909 98.34 119 0 2948 99.66 51 0 2956 99.93
186 2 2911 98.41 118 0 2948 99.66 50 0 2956 99.93
185 0 2911 98.41 117 0 2948 99.66 49 0 2956 99.93
184 2 2913 98.48 116 0 2948 99.66 48 0 2956 99.93
183 1 2914 98.51 115 1 2949 99.70 47 0 2956 99.93
182 1 2915 98.55 114 0 2949 99.70 46 0 2956 99.93
181 1 2916 98.58 113 0 2949 99.70 45 0 2956 99.93
180 0 2916 98.58 112 0 2949 99.70 44 0 2956 99.93
179 0 2916 98.58 111 0 2949 99.70 43 0 2956 99.93
178 1 2917 98.61 110 1 2950 99.73 42 0 2956 99.93
177 0 2917 98.61 109 0 2950 99.73 41 0 2956 99.93
176 0 2917 98.61 108 1 2951 99.76 40 0 2956 99.93
175 1 2918 98.65 107 0 2951 99.76 39 0 2956 99.93
174 1 2919 98.68 106 0 2951 99.76 38 0 2956 99.93
173 1 2920 98.72 105 0 2951 99.76 37 0 2956 99.93
172 2 2922 98.78 104 0 2951 99.76 36 0 2956 99.93
171 1 2923 98.82 103 0 2951 99.76 35 0 2956 99.93
170 1 2924 98.85 102 1 2952 99.80 35未満 2 2958 100.00
169 1 2925 98.88 101 0 2952 99.80
168 1 2926 98.92 100 0 2952 99.80
167 2 2928 98.99 99 0 2952 99.80
166 2 2930 99.05 98 0 2952 99.80
165 1 2931 99.09 97 0 2952 99.80
164 0 2931 99.09 96 0 2952 99.80
163 0 2931 99.09 95 0 2952 99.80
162 1 2932 99.12 94 0 2952 99.80
161 0 2932 99.12 93 1 2953 99.83
160 1 2933 99.15 92 0 2953 99.83
159 3 2936 99.26 91 0 2953 99.83
158 0 2936 99.26 90 0 2953 99.83
157 0 2936 99.26 89 0 2953 99.83
156 0 2936 99.26 88 0 2953 99.83
155 1 2937 99.29 87 0 2953 99.83
154 0 2937 99.29 86 0 2953 99.83
153 1 2938 99.32 85 0 2953 99.83
152 0 2938 99.32 84 0 2953 99.83
151 0 2938 99.32 83 0 2953 99.83
150 0 2938 99.32 82 0 2953 99.83
149 0 2938 99.32 81 0 2953 99.83
148 1 2939 99.36 80 0 2953 99.83
147 0 2939 99.36 79 0 2953 99.83
146 0 2939 99.36 78 0 2953 99.83
145 0 2939 99.36 77 0 2953 99.83
144 0 2939 99.36 76 0 2953 99.83
143 0 2939 99.36 75 0 2953 99.83
142 1 2940 99.39 74 0 2953 99.83
141 1 2941 99.43 73 1 2954 99.86
140 0 2941 99.43 72 0 2954 99.86
139 0 2941 99.43 71 0 2954 99.86
138 1 2942 99.46 70 0 2954 99.86
137 0 2942 99.46 69 0 2954 99.86
136 1 2943 99.49 68 0 2954 99.86
135 1 2944 99.53 67 0 2954 99.86
134 1 2945 99.56 66 0 2954 99.86
133 0 2945 99.56 65 0 2954 99.86
132 1 2946 99.59 64 1 2955 99.90
131 1 2947 99.63 63 0 2955 99.90
130 0 2947 99.63 62 1 2956 99.93
129 0 2947 99.63 61 0 2956 99.93
128 0 2947 99.63 60 0 2956 99.93
127 0 2947 99.63 59 0 2956 99.93
126 0 2947 99.63 58 0 2956 99.93

--- Page 11 ---
令和６年司法試験論文式試験得点別人員調（公法系科目）
得点 人員（人） 人員累計(人) 累計割合(％) 得点 人員（人） 人員累計(人) 累計割合(％) 得点 人員（人） 人員累計(人) 累計割合(％)
164 1 1 0.03 104 53 1003 33.91 44 5 2893 97.80
163 0 1 0.03 103 43 1046 35.36 43 3 2896 97.90
162 0 1 0.03 102 47 1093 36.95 42 4 2900 98.04
161 0 1 0.03 101 59 1152 38.95 41 7 2907 98.28
160 1 2 0.07 100 49 1201 40.60 40 3 2910 98.38
159 0 2 0.07 99 61 1262 42.66 39 5 2915 98.55
158 0 2 0.07 98 56 1318 44.56 38 5 2920 98.72
157 1 3 0.10 97 51 1369 46.28 37 4 2924 98.85
156 1 4 0.14 96 54 1423 48.11 36 4 2928 98.99
155 1 5 0.17 95 40 1463 49.46 35 2 2930 99.05
154 1 6 0.20 94 50 1513 51.15 34 3 2933 99.15
153 1 7 0.24 93 64 1577 53.31 33 0 2933 99.15
152 1 8 0.27 92 43 1620 54.77 32 0 2933 99.15
151 1 9 0.30 91 45 1665 56.29 31 3 2936 99.26
150 3 12 0.41 90 52 1717 58.05 30 1 2937 99.29
149 4 16 0.54 89 53 1770 59.84 29 2 2939 99.36
148 2 18 0.61 88 53 1823 61.63 28 1 2940 99.39
147 2 20 0.68 87 44 1867 63.12 27 0 2940 99.39
146 5 25 0.85 86 35 1902 64.30 26 1 2941 99.43
145 4 29 0.98 85 38 1940 65.58 25 0 2941 99.43
144 3 32 1.08 84 42 1982 67.00 24 1 2942 99.46
143 1 33 1.12 83 45 2027 68.53 23 3 2945 99.56
142 5 38 1.28 82 36 2063 69.74 22 0 2945 99.56
141 4 42 1.42 81 55 2118 71.60 21 0 2945 99.56
140 4 46 1.56 80 56 2174 73.50 20 2 2947 99.63
139 10 56 1.89 79 48 2222 75.12 19 1 2948 99.66
138 9 65 2.20 78 45 2267 76.64 18 1 2949 99.70
137 8 73 2.47 77 37 2304 77.89 17 2 2951 99.76
136 8 81 2.74 76 35 2339 79.07 16 0 2951 99.76
135 9 90 3.04 75 35 2374 80.26 15 1 2952 99.80
134 10 100 3.38 74 42 2416 81.68 14 1 2953 99.83
133 11 111 3.75 73 37 2453 82.93 13 1 2954 99.86
132 9 120 4.06 72 25 2478 83.77 12 0 2954 99.86
131 20 140 4.73 71 28 2506 84.72 11 0 2954 99.86
130 12 152 5.14 70 30 2536 85.73 10 0 2954 99.86
129 19 171 5.78 69 22 2558 86.48 10未満 4 2958 100.00
128 20 191 6.46 68 25 2583 87.32
127 13 204 6.90 67 23 2606 88.10
126 27 231 7.81 66 40 2646 89.45
125 14 245 8.28 65 30 2676 90.47
124 15 260 8.79 64 17 2693 91.04
123 34 294 9.94 63 16 2709 91.58
122 23 317 10.72 62 10 2719 91.92
121 27 344 11.63 61 7 2726 92.16
120 30 374 12.64 60 16 2742 92.70
119 22 396 13.39 59 17 2759 93.27
118 43 439 14.84 58 12 2771 93.68
117 39 478 16.16 57 10 2781 94.02
116 33 511 17.28 56 9 2790 94.32
115 45 556 18.80 55 9 2799 94.62
114 23 579 19.57 54 11 2810 95.00
113 32 611 20.66 53 8 2818 95.27
112 37 648 21.91 52 12 2830 95.67
111 42 690 23.33 51 10 2840 96.01
110 43 733 24.78 50 12 2852 96.42
109 37 770 26.03 49 6 2858 96.62
108 38 808 27.32 48 7 2865 96.86
107 50 858 29.01 47 7 2872 97.09
106 48 906 30.63 46 7 2879 97.33
105 44 950 32.12 45 9 2888 97.63
（注） 累計割合(％)は、短答式試験の合格に必要な成績を得た者に対する人員累計（人）の割合である。

--- Page 12 ---
令和６年司法試験論文式試験得点別人員調（民事系科目）
得点 人員（人） 人員累計(人) 累計割合(％) 得点 人員（人） 人員累計(人) 累計割合(％) 得点 人員（人） 人員累計(人) 累計割合(％) 得点 人員（人） 人員累計(人) 累計割合(％)
239 2 2 0.07 167 23 692 23.39 95 18 2666 90.13 23 0 2953 99.83
238 2 4 0.14 166 26 718 24.27 94 11 2677 90.50 22 0 2953 99.83
237 0 4 0.14 165 37 755 25.52 93 15 2692 91.01 21 0 2953 99.83
236 0 4 0.14 164 35 790 26.71 92 14 2706 91.48 20 1 2954 99.86
235 0 4 0.14 163 29 819 27.69 91 8 2714 91.75 19 0 2954 99.86
234 0 4 0.14 162 30 849 28.70 90 4 2718 91.89 18 0 2954 99.86
233 0 4 0.14 161 22 871 29.45 89 9 2727 92.19 17 0 2954 99.86
232 3 7 0.24 160 31 902 30.49 88 13 2740 92.63 16 2 2956 99.93
231 0 7 0.24 159 28 930 31.44 87 7 2747 92.87 15 0 2956 99.93
230 0 7 0.24 158 31 961 32.49 86 10 2757 93.20 14 0 2956 99.93
229 0 7 0.24 157 31 992 33.54 85 15 2772 93.71 13 0 2956 99.93
228 1 8 0.27 156 39 1031 34.85 84 10 2782 94.05 12 0 2956 99.93
227 2 10 0.34 155 34 1065 36.00 83 15 2797 94.56 11 0 2956 99.93
226 0 10 0.34 154 31 1096 37.05 82 6 2803 94.76 10 0 2956 99.93
225 0 10 0.34 153 40 1136 38.40 81 8 2811 95.03 10未満 2 2958 100.00
224 1 11 0.37 152 30 1166 39.42 80 3 2814 95.13
223 0 11 0.37 151 35 1201 40.60 79 13 2827 95.57
222 0 11 0.37 150 19 1220 41.24 78 11 2838 95.94
221 1 12 0.41 149 34 1254 42.39 77 6 2844 96.15
220 2 14 0.47 148 28 1282 43.34 76 2 2846 96.21
219 3 17 0.57 147 30 1312 44.35 75 10 2856 96.55
218 3 20 0.68 146 39 1351 45.67 74 8 2864 96.82
217 2 22 0.74 145 38 1389 46.96 73 3 2867 96.92
216 0 22 0.74 144 24 1413 47.77 72 5 2872 97.09
215 5 27 0.91 143 34 1447 48.92 71 4 2876 97.23
214 1 28 0.95 142 29 1476 49.90 70 3 2879 97.33
213 5 33 1.12 141 33 1509 51.01 69 1 2880 97.36
212 6 39 1.32 140 43 1552 52.47 68 3 2883 97.46
211 10 49 1.66 139 35 1587 53.65 67 8 2891 97.73
210 4 53 1.79 138 34 1621 54.80 66 6 2897 97.94
209 1 54 1.83 137 33 1654 55.92 65 4 2901 98.07
208 3 57 1.93 136 30 1684 56.93 64 5 2906 98.24
207 5 62 2.10 135 27 1711 57.84 63 5 2911 98.41
206 3 65 2.20 134 37 1748 59.09 62 4 2915 98.55
205 2 67 2.27 133 31 1779 60.14 61 4 2919 98.68
204 3 70 2.37 132 35 1814 61.33 60 2 2921 98.75
203 4 74 2.50 131 27 1841 62.24 59 3 2924 98.85
202 6 80 2.70 130 23 1864 63.02 58 2 2926 98.92
201 9 89 3.01 129 39 1903 64.33 57 2 2928 98.99
200 9 98 3.31 128 27 1930 65.25 56 3 2931 99.09
199 5 103 3.48 127 32 1962 66.33 55 2 2933 99.15
198 3 106 3.58 126 30 1992 67.34 54 0 2933 99.15
197 11 117 3.96 125 28 2020 68.29 53 2 2935 99.22
196 12 129 4.36 124 28 2048 69.24 52 4 2939 99.36
195 10 139 4.70 123 29 2077 70.22 51 0 2939 99.36
194 12 151 5.10 122 33 2110 71.33 50 1 2940 99.39
193 13 164 5.54 121 36 2146 72.55 49 1 2941 99.43
192 18 182 6.15 120 21 2167 73.26 48 0 2941 99.43
191 17 199 6.73 119 30 2197 74.27 47 1 2942 99.46
190 21 220 7.44 118 28 2225 75.22 46 2 2944 99.53
189 15 235 7.94 117 27 2252 76.13 45 1 2945 99.56
188 22 257 8.69 116 20 2272 76.81 44 1 2946 99.59
187 11 268 9.06 115 19 2291 77.45 43 2 2948 99.66
186 16 284 9.60 114 17 2308 78.03 42 0 2948 99.66
185 24 308 10.41 113 15 2323 78.53 41 0 2948 99.66
184 14 322 10.89 112 20 2343 79.21 40 1 2949 99.70
183 15 337 11.39 111 25 2368 80.05 39 0 2949 99.70
182 17 354 11.97 110 29 2397 81.03 38 0 2949 99.70
181 19 373 12.61 109 41 2438 82.42 37 0 2949 99.70
180 16 389 13.15 108 20 2458 83.10 36 1 2950 99.73
179 18 407 13.76 107 16 2474 83.64 35 0 2950 99.73
178 22 429 14.50 106 20 2494 84.31 34 0 2950 99.73
177 20 449 15.18 105 12 2506 84.72 33 0 2950 99.73
176 27 476 16.09 104 23 2529 85.50 32 0 2950 99.73
175 22 498 16.84 103 13 2542 85.94 31 1 2951 99.76
174 25 523 17.68 102 16 2558 86.48 30 1 2952 99.80
173 17 540 18.26 101 15 2573 86.98 29 0 2952 99.80
172 25 565 19.10 100 12 2585 87.39 28 1 2953 99.83
171 18 583 19.71 99 10 2595 87.73 27 0 2953 99.83
170 27 610 20.62 98 16 2611 88.27 26 0 2953 99.83
169 28 638 21.57 97 19 2630 88.91 25 0 2953 99.83
168 31 669 22.62 96 18 2648 89.52 24 0 2953 99.83
（注） 累計割合(％)は、短答式試験の合格に必要な成績を得た者に対する人員累計（人）の割合である。

--- Page 13 ---
令和６年司法試験論文式試験得点別人員調（刑事系科目）
得点 人員（人） 人員累計(人) 累計割合(％) 得点 人員（人） 人員累計(人) 累計割合(％) 得点 人員（人） 人員累計(人) 累計割合(％)
159 1 1 0.03 98 65 1420 48.01 37 6 2903 98.14
158 0 1 0.03 97 53 1473 49.80 36 4 2907 98.28
157 1 2 0.07 96 45 1518 51.32 35 2 2909 98.34
156 0 2 0.07 95 40 1558 52.67 34 2 2911 98.41
155 2 4 0.14 94 43 1601 54.12 33 2 2913 98.48
154 0 4 0.14 93 40 1641 55.48 32 2 2915 98.55
153 0 4 0.14 92 51 1692 57.20 31 5 2920 98.72
152 0 4 0.14 91 47 1739 58.79 30 1 2921 98.75
151 1 5 0.17 90 50 1789 60.48 29 4 2925 98.88
150 1 6 0.20 89 50 1839 62.17 28 1 2926 98.92
149 3 9 0.30 88 31 1870 63.22 27 2 2928 98.99
148 1 10 0.34 87 45 1915 64.74 26 1 2929 99.02
147 2 12 0.41 86 45 1960 66.26 25 4 2933 99.15
146 3 15 0.51 85 36 1996 67.48 24 3 2936 99.26
145 1 16 0.54 84 39 2035 68.80 23 4 2940 99.39
144 5 21 0.71 83 26 2061 69.68 22 1 2941 99.43
143 2 23 0.78 82 30 2091 70.69 21 4 2945 99.56
142 4 27 0.91 81 36 2127 71.91 20 0 2945 99.56
141 4 31 1.05 80 34 2161 73.06 19 2 2947 99.63
140 6 37 1.25 79 34 2195 74.21 18 3 2950 99.73
139 6 43 1.45 78 24 2219 75.02 17 0 2950 99.73
138 5 48 1.62 77 41 2260 76.40 16 0 2950 99.73
137 5 53 1.79 76 39 2299 77.72 15 0 2950 99.73
136 11 64 2.16 75 29 2328 78.70 14 0 2950 99.73
135 7 71 2.40 74 37 2365 79.95 13 0 2950 99.73
134 7 78 2.64 73 24 2389 80.76 12 0 2950 99.73
133 13 91 3.08 72 32 2421 81.85 11 0 2950 99.73
132 6 97 3.28 71 36 2457 83.06 10 0 2950 99.73
131 12 109 3.68 70 27 2484 83.98 10未満 8 2958 100.00
130 18 127 4.29 69 24 2508 84.79
129 15 142 4.80 68 23 2531 85.56
128 20 162 5.48 67 20 2551 86.24
127 19 181 6.12 66 10 2561 86.58
126 12 193 6.52 65 30 2591 87.59
125 21 214 7.23 64 21 2612 88.30
124 29 243 8.22 63 25 2637 89.15
123 36 279 9.43 62 16 2653 89.69
122 22 301 10.18 61 16 2669 90.23
121 32 333 11.26 60 23 2692 91.01
120 37 370 12.51 59 14 2706 91.48
119 38 408 13.79 58 15 2721 91.99
118 36 444 15.01 57 18 2739 92.60
117 35 479 16.19 56 13 2752 93.04
116 56 535 18.09 55 12 2764 93.44
115 36 571 19.30 54 15 2779 93.95
114 41 612 20.69 53 13 2792 94.39
113 41 653 22.08 52 12 2804 94.79
112 52 705 23.83 51 11 2815 95.17
111 50 755 25.52 50 11 2826 95.54
110 55 810 27.38 49 11 2837 95.91
109 40 850 28.74 48 8 2845 96.18
108 58 908 30.70 47 6 2851 96.38
107 46 954 32.25 46 1 2852 96.42
106 56 1010 34.14 45 11 2863 96.79
105 49 1059 35.80 44 5 2868 96.96
104 56 1115 37.69 43 4 2872 97.09
103 47 1162 39.28 42 4 2876 97.23
102 42 1204 40.70 41 6 2882 97.43
101 51 1255 42.43 40 6 2888 97.63
100 53 1308 44.22 39 3 2891 97.73
99 47 1355 45.81 38 6 2897 97.94
（注） 累計割合(％)は、短答式試験の合格に必要な成績を得た者に対する人員累計（人）の割合である。

--- Page 14 ---
令和６年司法試験論文式試験得点別人員調（選択科目）
倒産法 租税法 経済法 知的財産法
得点 人員(人) 人員累計(人) 累計割合(％) 得点 人員(人) 人員累計(人) 累計割合(％) 得点 人員(人) 人員累計(人) 累計割合(％) 得点 人員(人) 人員累計(人) 累計割合(％)
89 0 0 0.00 89 1 1 0.72 89 0 0 0.00 89 0 0 0.00
88 0 0 0.00 88 0 1 0.72 88 0 0 0.00 88 0 0 0.00
87 0 0 0.00 87 0 1 0.72 87 0 0 0.00 87 0 0 0.00
86 0 0 0.00 86 0 1 0.72 86 0 0 0.00 86 0 0 0.00
85 0 0 0.00 85 0 1 0.72 85 0 0 0.00 85 0 0 0.00
84 0 0 0.00 84 0 1 0.72 84 0 0 0.00 84 0 0 0.00
83 0 0 0.00 83 0 1 0.72 83 0 0 0.00 83 0 0 0.00
82 0 0 0.00 82 0 1 0.72 82 0 0 0.00 82 0 0 0.00
81 0 0 0.00 81 0 1 0.72 81 0 0 0.00 81 0 0 0.00
80 0 0 0.00 80 0 1 0.72 80 0 0 0.00 80 1 1 0.24
79 0 0 0.00 79 0 1 0.72 79 1 1 0.15 79 0 1 0.24
78 0 0 0.00 78 1 2 1.45 78 0 1 0.15 78 0 1 0.24
77 0 0 0.00 77 0 2 1.45 77 0 1 0.15 77 0 1 0.24
76 2 2 0.43 76 1 3 2.17 76 0 1 0.15 76 0 1 0.24
75 0 2 0.43 75 1 4 2.90 75 0 1 0.15 75 0 1 0.24
74 0 2 0.43 74 0 4 2.90 74 0 1 0.15 74 0 1 0.24
73 3 5 1.08 73 0 4 2.90 73 1 2 0.31 73 1 2 0.48
72 2 7 1.52 72 1 5 3.62 72 0 2 0.31 72 2 4 0.95
71 2 9 1.95 71 1 6 4.35 71 2 4 0.62 71 1 5 1.19
70 5 14 3.03 70 0 6 4.35 70 1 5 0.77 70 0 5 1.19
69 2 16 3.46 69 1 7 5.07 69 4 9 1.39 69 1 6 1.43
68 6 22 4.76 68 1 8 5.80 68 4 13 2.01 68 4 10 2.38
67 2 24 5.19 67 0 8 5.80 67 5 18 2.79 67 3 13 3.09
66 4 28 6.06 66 0 8 5.80 66 5 23 3.56 66 3 16 3.80
65 4 32 6.93 65 1 9 6.52 65 4 27 4.18 65 3 19 4.51
64 5 37 8.01 64 1 10 7.25 64 5 32 4.95 64 6 25 5.94
63 4 41 8.87 63 1 11 7.97 63 5 37 5.73 63 10 35 8.31
62 7 48 10.39 62 3 14 10.14 62 6 43 6.66 62 8 43 10.21
61 10 58 12.55 61 2 16 11.59 61 14 57 8.82 61 12 55 13.06
60 7 65 14.07 60 1 17 12.32 60 11 68 10.53 60 6 61 14.49
59 7 72 15.58 59 3 20 14.49 59 13 81 12.54 59 4 65 15.44
58 14 86 18.61 58 3 23 16.67 58 23 104 16.10 58 11 76 18.05
57 12 98 21.21 57 3 26 18.84 57 22 126 19.50 57 14 90 21.38
56 21 119 25.76 56 3 29 21.01 56 22 148 22.91 56 13 103 24.47
55 10 129 27.92 55 4 33 23.91 55 22 170 26.32 55 11 114 27.08
54 11 140 30.30 54 1 34 24.64 54 15 185 28.64 54 13 127 30.17
53 13 153 33.12 53 0 34 24.64 53 21 206 31.89 53 17 144 34.20
52 14 167 36.15 52 9 43 31.16 52 28 234 36.22 52 12 156 37.05
51 15 182 39.39 51 7 50 36.23 51 23 257 39.78 51 11 167 39.67
50 11 193 41.77 50 5 55 39.86 50 27 284 43.96 50 14 181 42.99
49 10 203 43.94 49 6 61 44.20 49 16 300 46.44 49 12 193 45.84
48 14 217 46.97 48 7 68 49.28 48 31 331 51.24 48 10 203 48.22
47 14 231 50.00 47 3 71 51.45 47 26 357 55.26 47 11 214 50.83
46 21 252 54.55 46 1 72 52.17 46 12 369 57.12 46 17 231 54.87
45 11 263 56.93 45 5 77 55.80 45 16 385 59.60 45 15 246 58.43
44 16 279 60.39 44 5 82 59.42 44 25 410 63.47 44 14 260 61.76
43 16 295 63.85 43 5 87 63.04 43 19 429 66.41 43 15 275 65.32
42 20 315 68.18 42 5 92 66.67 42 17 446 69.04 42 12 287 68.17
41 9 324 70.13 41 5 97 70.29 41 23 469 72.60 41 9 296 70.31
40 11 335 72.51 40 3 100 72.46 40 18 487 75.39 40 11 307 72.92
39 12 347 75.11 39 3 103 74.64 39 19 506 78.33 39 13 320 76.01
38 10 357 77.27 38 1 104 75.36 38 14 520 80.50 38 10 330 78.38
37 5 362 78.35 37 6 110 79.71 37 10 530 82.04 37 4 334 79.33
36 8 370 80.09 36 4 114 82.61 36 13 543 84.06 36 6 340 80.76
35 11 381 82.47 35 4 118 85.51 35 6 549 84.98 35 7 347 82.42
34 10 391 84.63 34 1 119 86.23 34 9 558 86.38 34 7 354 84.09
33 8 399 86.36 33 2 121 87.68 33 5 563 87.15 33 9 363 86.22
32 7 406 87.88 32 2 123 89.13 32 11 574 88.85 32 9 372 88.36
31 4 410 88.74 31 2 125 90.58 31 7 581 89.94 31 9 381 90.50
30 8 418 90.48 30 2 127 92.03 30 9 590 91.33 30 3 384 91.21
29 6 424 91.77 29 2 129 93.48 29 7 597 92.41 29 6 390 92.64
28 4 428 92.64 28 1 130 94.20 28 4 601 93.03 28 5 395 93.82
27 7 435 94.16 27 1 131 94.93 27 8 609 94.27 27 4 399 94.77
26 3 438 94.81 26 1 132 95.65 26 5 614 95.05 26 0 399 94.77
25 5 443 95.89 25 2 134 97.10 25 4 618 95.67 25 3 402 95.49
24 4 447 96.75 24 0 134 97.10 24 3 621 96.13 24 4 406 96.44
23 1 448 96.97 23 1 135 97.83 23 4 625 96.75 23 3 409 97.15
22 1 449 97.19 22 0 135 97.83 22 2 627 97.06 22 1 410 97.39
21 4 453 98.05 21 1 136 98.55 21 3 630 97.52 21 1 411 97.62
20 1 454 98.27 20 0 136 98.55 20 3 633 97.99 20 1 412 97.86
20未満 8 462 100.00 20未満 2 138 100.00 20未満 13 646 100.00 20未満 9 421 100.00
（注） 累計割合(％)は、短答式試験の合格に必要な成績を得た者に対する人員累計（人）の割合である。

--- Page 15 ---
労働法 環境法 国際関係法（公法系） 国際関係法（私法系）
得点 人員(人) 人員累計(人) 累計割合(％) 得点 人員(人) 人員累計(人) 累計割合(％) 得点 人員(人) 人員累計(人) 累計割合(％) 得点 人員(人) 人員累計(人) 累計割合(％)
89 0 0 0.00 89 0 0 0.00 89 0 0 0.00 89 0 0 0.00
88 0 0 0.00 88 0 0 0.00 88 0 0 0.00 88 0 0 0.00
87 0 0 0.00 87 0 0 0.00 87 0 0 0.00 87 0 0 0.00
86 0 0 0.00 86 0 0 0.00 86 0 0 0.00 86 0 0 0.00
85 0 0 0.00 85 0 0 0.00 85 0 0 0.00 85 0 0 0.00
84 0 0 0.00 84 0 0 0.00 84 0 0 0.00 84 0 0 0.00
83 0 0 0.00 83 0 0 0.00 83 0 0 0.00 83 0 0 0.00
82 0 0 0.00 82 0 0 0.00 82 0 0 0.00 82 0 0 0.00
81 0 0 0.00 81 0 0 0.00 81 0 0 0.00 81 0 0 0.00
80 0 0 0.00 80 0 0 0.00 80 0 0 0.00 80 0 0 0.00
79 0 0 0.00 79 0 0 0.00 79 0 0 0.00 79 0 0 0.00
78 0 0 0.00 78 0 0 0.00 78 0 0 0.00 78 0 0 0.00
77 0 0 0.00 77 0 0 0.00 77 0 0 0.00 77 1 1 0.37
76 1 1 0.11 76 0 0 0.00 76 0 0 0.00 76 0 1 0.37
75 0 1 0.11 75 0 0 0.00 75 0 0 0.00 75 0 1 0.37
74 2 3 0.34 74 0 0 0.00 74 0 0 0.00 74 1 2 0.74
73 0 3 0.34 73 0 0 0.00 73 0 0 0.00 73 1 3 1.12
72 0 3 0.34 72 1 1 1.12 72 0 0 0.00 72 1 4 1.49
71 2 5 0.57 71 1 2 2.25 71 0 0 0.00 71 0 4 1.49
70 2 7 0.79 70 1 3 3.37 70 1 1 2.04 70 0 4 1.49
69 4 11 1.24 69 2 5 5.62 69 0 1 2.04 69 2 6 2.23
68 7 18 2.04 68 1 6 6.74 68 0 1 2.04 68 4 10 3.72
67 6 24 2.71 67 0 6 6.74 67 0 1 2.04 67 3 13 4.83
66 8 32 3.62 66 1 7 7.87 66 0 1 2.04 66 3 16 5.95
65 11 43 4.86 65 2 9 10.11 65 0 1 2.04 65 2 18 6.69
64 15 58 6.56 64 1 10 11.24 64 0 1 2.04 64 4 22 8.18
63 11 69 7.81 63 0 10 11.24 63 1 2 4.08 63 2 24 8.92
62 11 80 9.05 62 1 11 12.36 62 2 4 8.16 62 2 26 9.67
61 9 89 10.07 61 2 13 14.61 61 2 6 12.24 61 3 29 10.78
60 27 116 13.12 60 1 14 15.73 60 1 7 14.29 60 6 35 13.01
59 33 149 16.86 59 0 14 15.73 59 0 7 14.29 59 8 43 15.99
58 17 166 18.78 58 1 15 16.85 58 2 9 18.37 58 14 57 21.19
57 20 186 21.04 57 2 17 19.10 57 3 12 24.49 57 3 60 22.30
56 26 212 23.98 56 2 19 21.35 56 2 14 28.57 56 5 65 24.16
55 27 239 27.04 55 0 19 21.35 55 1 15 30.61 55 6 71 26.39
54 28 267 30.20 54 3 22 24.72 54 1 16 32.65 54 5 76 28.25
53 34 301 34.05 53 3 25 28.09 53 2 18 36.73 53 12 88 32.71
52 25 326 36.88 52 3 28 31.46 52 1 19 38.78 52 13 101 37.55
51 28 354 40.05 51 4 32 35.96 51 1 20 40.82 51 10 111 41.26
50 27 381 43.10 50 3 35 39.33 50 3 23 46.94 50 9 120 44.61
49 33 414 46.83 49 3 38 42.70 49 2 25 51.02 49 12 132 49.07
48 38 452 51.13 48 2 40 44.94 48 1 26 53.06 48 3 135 50.19
47 22 474 53.62 47 3 43 48.31 47 3 29 59.18 47 3 138 51.30
46 34 508 57.47 46 1 44 49.44 46 1 30 61.22 46 4 142 52.79
45 27 535 60.52 45 1 45 50.56 45 1 31 63.27 45 6 148 55.02
44 22 557 63.01 44 7 52 58.43 44 0 31 63.27 44 9 157 58.36
43 27 584 66.06 43 1 53 59.55 43 2 33 67.35 43 4 161 59.85
42 34 618 69.91 42 5 58 65.17 42 0 33 67.35 42 8 169 62.83
41 20 638 72.17 41 1 59 66.29 41 1 34 69.39 41 6 175 65.06
40 22 660 74.66 40 2 61 68.54 40 0 34 69.39 40 8 183 68.03
39 16 676 76.47 39 2 63 70.79 39 0 34 69.39 39 10 193 71.75
38 14 690 78.05 38 6 69 77.53 38 1 35 71.43 38 6 199 73.98
37 15 705 79.75 37 4 73 82.02 37 1 36 73.47 37 9 208 77.32
36 15 720 81.45 36 2 75 84.27 36 2 38 77.55 36 11 219 81.41
35 16 736 83.26 35 0 75 84.27 35 2 40 81.63 35 10 229 85.13
34 12 748 84.62 34 0 75 84.27 34 2 42 85.71 34 3 232 86.25
33 16 764 86.43 33 2 77 86.52 33 2 44 89.80 33 4 236 87.73
32 14 778 88.01 32 1 78 87.64 32 1 45 91.84 32 6 242 89.96
31 6 784 88.69 31 1 79 88.76 31 0 45 91.84 31 3 245 91.08
30 13 797 90.16 30 6 85 95.51 30 0 45 91.84 30 2 247 91.82
29 12 809 91.52 29 0 85 95.51 29 0 45 91.84 29 2 249 92.57
28 10 819 92.65 28 1 86 96.63 28 0 45 91.84 28 5 254 94.42
27 5 824 93.21 27 0 86 96.63 27 0 45 91.84 27 3 257 95.54
26 9 833 94.23 26 1 87 97.75 26 1 46 93.88 26 2 259 96.28
25 4 837 94.68 25 1 88 98.88 25 1 47 95.92 25 1 260 96.65
24 8 845 95.59 24 1 89 100.00 24 0 47 95.92 24 2 262 97.40
23 7 852 96.38 23 0 89 100.00 23 0 47 95.92 23 2 264 98.14
22 2 854 96.61 22 0 89 100.00 22 0 47 95.92 22 0 264 98.14
21 3 857 96.95 21 0 89 100.00 21 0 47 95.92 21 1 265 98.51
20 4 861 97.40 20 0 89 100.00 20 1 48 97.96 20 0 265 98.51
20未満 23 884 100.00 20未満 0 89 100.00 20未満 1 49 100.00 20未満 4 269 100.00